beta.par:             6 
max.r:                0.4 

Inference for Bugs model at "traits-environment.txt", fit using jags,
 5 chains, each with 25000 iterations (first 5000 discarded), n.thin = 25
 n.sims = 4000 iterations saved
                    mu.vect sd.vect     2.5%      25%      50%      75%    97.5%  Rhat n.eff
Sigma.resid[1,1]      0.890   0.038    0.820    0.864    0.889    0.915    0.966 1.001  4000
Sigma.resid[2,1]     -0.250   0.020   -0.288   -0.263   -0.250   -0.237   -0.211 1.001  4000
Sigma.resid[3,1]     -0.006   0.019   -0.043   -0.019   -0.006    0.006    0.030 1.001  4000
Sigma.resid[4,1]      0.031   0.036   -0.040    0.007    0.031    0.054    0.102 1.001  4000
Sigma.resid[5,1]     -0.101   0.034   -0.167   -0.124   -0.100   -0.078   -0.036 1.001  4000
Sigma.resid[1,2]     -0.250   0.020   -0.288   -0.263   -0.250   -0.237   -0.211 1.001  4000
Sigma.resid[2,2]      0.679   0.030    0.624    0.659    0.678    0.699    0.741 1.001  3000
Sigma.resid[3,2]     -0.072   0.017   -0.106   -0.084   -0.072   -0.061   -0.040 1.001  2900
Sigma.resid[4,2]     -0.081   0.030   -0.141   -0.102   -0.081   -0.060   -0.023 1.002  2200
Sigma.resid[5,2]      0.111   0.030    0.053    0.091    0.111    0.131    0.170 1.001  4000
Sigma.resid[1,3]     -0.006   0.019   -0.043   -0.019   -0.006    0.006    0.030 1.001  4000
Sigma.resid[2,3]     -0.072   0.017   -0.106   -0.084   -0.072   -0.061   -0.040 1.001  2900
Sigma.resid[3,3]      0.467   0.020    0.428    0.453    0.466    0.480    0.508 1.002  2600
Sigma.resid[4,3]      0.054   0.026    0.005    0.037    0.053    0.071    0.106 1.001  4000
Sigma.resid[5,3]      0.034   0.026   -0.016    0.017    0.035    0.051    0.084 1.001  4000
Sigma.resid[1,4]      0.031   0.036   -0.040    0.007    0.031    0.054    0.102 1.001  4000
Sigma.resid[2,4]     -0.081   0.030   -0.141   -0.102   -0.081   -0.060   -0.023 1.002  2200
Sigma.resid[3,4]      0.054   0.026    0.005    0.037    0.053    0.071    0.106 1.001  4000
Sigma.resid[4,4]      0.793   0.049    0.702    0.758    0.792    0.824    0.895 1.001  4000
Sigma.resid[5,4]      0.267   0.022    0.222    0.252    0.267    0.282    0.309 1.001  3600
Sigma.resid[1,5]     -0.101   0.034   -0.167   -0.124   -0.100   -0.078   -0.036 1.001  4000
Sigma.resid[2,5]      0.111   0.030    0.053    0.091    0.111    0.131    0.170 1.001  4000
Sigma.resid[3,5]      0.034   0.026   -0.016    0.017    0.035    0.051    0.084 1.001  4000
Sigma.resid[4,5]      0.267   0.022    0.222    0.252    0.267    0.282    0.309 1.001  3600
Sigma.resid[5,5]      0.782   0.049    0.690    0.747    0.780    0.813    0.882 1.001  4000
Sigma.species[1,1]    0.099   0.046    0.039    0.066    0.089    0.121    0.210 1.002  1600
Sigma.species[2,1]   -0.006   0.018   -0.042   -0.017   -0.007    0.004    0.030 1.001  4000
Sigma.species[3,1]   -0.016   0.024   -0.064   -0.032   -0.016   -0.002    0.033 1.001  4000
Sigma.species[4,1]    0.001   0.010   -0.019   -0.005    0.001    0.007    0.020 1.002  1700
Sigma.species[5,1]   -0.007   0.014   -0.034   -0.016   -0.007    0.001    0.020 1.002  2400
Sigma.species[1,2]   -0.006   0.018   -0.042   -0.017   -0.007    0.004    0.030 1.001  4000
Sigma.species[2,2]    0.279   0.113    0.132    0.200    0.256    0.329    0.576 1.002  2300
Sigma.species[3,2]   -0.038   0.040   -0.117   -0.062   -0.038   -0.013    0.045 1.001  3200
Sigma.species[4,2]   -0.003   0.017   -0.037   -0.013   -0.003    0.008    0.031 1.002  1800
Sigma.species[5,2]    0.011   0.023   -0.032   -0.003    0.011    0.024    0.056 1.001  4000
Sigma.species[1,3]   -0.016   0.024   -0.064   -0.032   -0.016   -0.002    0.033 1.001  4000
Sigma.species[2,3]   -0.038   0.040   -0.117   -0.062   -0.038   -0.013    0.045 1.001  3200
Sigma.species[3,3]    0.563   0.220    0.272    0.408    0.517    0.664    1.121 1.002  2600
Sigma.species[4,3]   -0.008   0.023   -0.055   -0.022   -0.008    0.006    0.039 1.001  4000
Sigma.species[5,3]   -0.003   0.032   -0.067   -0.022   -0.002    0.018    0.061 1.001  3200
Sigma.species[1,4]    0.001   0.010   -0.019   -0.005    0.001    0.007    0.020 1.002  1700
Sigma.species[2,4]   -0.003   0.017   -0.037   -0.013   -0.003    0.008    0.031 1.002  1800
Sigma.species[3,4]   -0.008   0.023   -0.055   -0.022   -0.008    0.006    0.039 1.001  4000
Sigma.species[4,4]    0.084   0.048    0.024    0.052    0.074    0.105    0.206 1.001  2800
Sigma.species[5,4]    0.004   0.012   -0.020   -0.003    0.004    0.011    0.029 1.001  4000
Sigma.species[1,5]   -0.007   0.014   -0.034   -0.016   -0.007    0.001    0.020 1.002  2400
Sigma.species[2,5]    0.011   0.023   -0.032   -0.003    0.011    0.024    0.056 1.001  4000
Sigma.species[3,5]   -0.003   0.032   -0.067   -0.022   -0.002    0.018    0.061 1.001  3200
Sigma.species[4,5]    0.004   0.012   -0.020   -0.003    0.004    0.011    0.029 1.001  4000
Sigma.species[5,5]    0.158   0.078    0.060    0.106    0.141    0.189    0.353 1.001  3200
beta.map[1]          -0.178   0.095   -0.369   -0.237   -0.177   -0.119    0.006 1.002  1600
beta.map[2]           0.277   0.149   -0.020    0.179    0.279    0.374    0.563 1.002  2400
beta.map[3]          -0.180   0.209   -0.611   -0.313   -0.176   -0.046    0.218 1.014   260
beta.map[4]           0.214   0.094    0.036    0.152    0.214    0.274    0.399 1.001  3800
beta.map[5]           0.133   0.123   -0.115    0.056    0.134    0.210    0.367 1.001  4000
beta.mat[1]          -0.030   0.077   -0.184   -0.081   -0.028    0.020    0.121 1.001  3400
beta.mat[2]           0.103   0.124   -0.148    0.022    0.104    0.184    0.344 1.002  1900
beta.mat[3]           0.031   0.174   -0.317   -0.079    0.032    0.142    0.375 1.002  4000
beta.mat[4]           0.236   0.078    0.085    0.187    0.236    0.285    0.393 1.002  2500
beta.mat[5]           0.220   0.098    0.025    0.159    0.221    0.284    0.410 1.001  4000
beta.ratio[1]         0.218   0.083    0.050    0.164    0.217    0.272    0.381 1.001  4000
beta.ratio[2]        -0.104   0.135   -0.383   -0.190   -0.104   -0.018    0.166 1.004   920
beta.ratio[3]         0.030   0.180   -0.339   -0.085    0.027    0.148    0.379 1.007   440
beta.ratio[4]        -0.259   0.083   -0.421   -0.313   -0.260   -0.205   -0.094 1.001  4000
beta.ratio[5]        -0.098   0.106   -0.307   -0.167   -0.098   -0.030    0.117 1.001  4000
rho.resid[1,1]        1.000   0.000    1.000    1.000    1.000    1.000    1.000 1.000     1
rho.resid[2,1]       -0.321   0.021   -0.360   -0.336   -0.322   -0.308   -0.278 1.001  3400
rho.resid[3,1]       -0.010   0.029   -0.067   -0.030   -0.010    0.010    0.047 1.001  4000
rho.resid[4,1]        0.037   0.042   -0.047    0.009    0.037    0.065    0.119 1.001  4000
rho.resid[5,1]       -0.121   0.039   -0.197   -0.147   -0.121   -0.093   -0.044 1.001  4000
rho.resid[1,2]       -0.321   0.021   -0.360   -0.336   -0.322   -0.308   -0.278 1.001  3400
rho.resid[2,2]        1.000   0.000    1.000    1.000    1.000    1.000    1.000 1.000     1
rho.resid[3,2]       -0.129   0.029   -0.185   -0.149   -0.128   -0.109   -0.072 1.001  3400
rho.resid[4,2]       -0.110   0.040   -0.188   -0.138   -0.111   -0.083   -0.031 1.002  2100
rho.resid[5,2]        0.152   0.039    0.075    0.125    0.152    0.179    0.228 1.001  4000
rho.resid[1,3]       -0.010   0.029   -0.067   -0.030   -0.010    0.010    0.047 1.001  4000
rho.resid[2,3]       -0.129   0.029   -0.185   -0.149   -0.128   -0.109   -0.072 1.001  3400
rho.resid[3,3]        1.000   0.000    1.000    1.000    1.000    1.000    1.000 1.000     1
rho.resid[4,3]        0.089   0.042    0.008    0.061    0.088    0.117    0.171 1.001  4000
rho.resid[5,3]        0.057   0.042   -0.026    0.029    0.057    0.085    0.137 1.001  4000
rho.resid[1,4]        0.037   0.042   -0.047    0.009    0.037    0.065    0.119 1.001  4000
rho.resid[2,4]       -0.110   0.040   -0.188   -0.138   -0.111   -0.083   -0.031 1.002  2100
rho.resid[3,4]        0.089   0.042    0.008    0.061    0.088    0.117    0.171 1.001  4000
rho.resid[4,4]        1.000   0.000    1.000    1.000    1.000    1.000    1.000 1.000     1
rho.resid[5,4]        0.339   0.022    0.291    0.325    0.341    0.354    0.375 1.001  4000
rho.resid[1,5]       -0.121   0.039   -0.197   -0.147   -0.121   -0.093   -0.044 1.001  4000
rho.resid[2,5]        0.152   0.039    0.075    0.125    0.152    0.179    0.228 1.001  4000
rho.resid[3,5]        0.057   0.042   -0.026    0.029    0.057    0.085    0.137 1.001  4000
rho.resid[4,5]        0.339   0.022    0.291    0.325    0.341    0.354    0.375 1.001  4000
rho.resid[5,5]        1.000   0.000    1.000    1.000    1.000    1.000    1.000 1.000     1
rho.species[1,1]      1.000   0.000    1.000    1.000    1.000    1.000    1.000 1.000     1
rho.species[2,1]     -0.043   0.106   -0.242   -0.118   -0.047    0.030    0.170 1.000  4000
rho.species[3,1]     -0.077   0.101   -0.259   -0.150   -0.081   -0.008    0.125 1.001  4000
rho.species[4,1]      0.013   0.107   -0.197   -0.062    0.013    0.087    0.216 1.002  2400
rho.species[5,1]     -0.063   0.104   -0.249   -0.137   -0.067    0.007    0.156 1.002  2100
rho.species[1,2]     -0.043   0.106   -0.242   -0.118   -0.047    0.030    0.170 1.000  4000
rho.species[2,2]      1.000   0.000    1.000    1.000    1.000    1.000    1.000 1.000     1
rho.species[3,2]     -0.102   0.098   -0.273   -0.173   -0.109   -0.038    0.101 1.001  3200
rho.species[4,2]     -0.019   0.107   -0.221   -0.095   -0.021    0.057    0.188 1.002  2100
rho.species[5,2]      0.056   0.104   -0.152   -0.015    0.060    0.128    0.246 1.001  3700
rho.species[1,3]     -0.077   0.101   -0.259   -0.150   -0.081   -0.008    0.125 1.001  4000
rho.species[2,3]     -0.102   0.098   -0.273   -0.173   -0.109   -0.038    0.101 1.001  3200
rho.species[3,3]      1.000   0.000    1.000    1.000    1.000    1.000    1.000 1.000     1
rho.species[4,3]     -0.042   0.105   -0.240   -0.117   -0.043    0.029    0.162 1.001  4000
rho.species[5,3]     -0.009   0.106   -0.214   -0.083   -0.010    0.066    0.196 1.002  1900
rho.species[1,4]      0.013   0.107   -0.197   -0.062    0.013    0.087    0.216 1.002  2400
rho.species[2,4]     -0.019   0.107   -0.221   -0.095   -0.021    0.057    0.188 1.002  2100
rho.species[3,4]     -0.042   0.105   -0.240   -0.117   -0.043    0.029    0.162 1.001  4000
rho.species[4,4]      1.000   0.000    1.000    1.000    1.000    1.000    1.000 1.000     1
rho.species[5,4]      0.036   0.105   -0.173   -0.033    0.037    0.111    0.234 1.001  4000
rho.species[1,5]     -0.063   0.104   -0.249   -0.137   -0.067    0.007    0.156 1.002  2100
rho.species[2,5]      0.056   0.104   -0.152   -0.015    0.060    0.128    0.246 1.001  3700
rho.species[3,5]     -0.009   0.106   -0.214   -0.083   -0.010    0.066    0.196 1.002  1900
rho.species[4,5]      0.036   0.105   -0.173   -0.033    0.037    0.111    0.234 1.001  4000
rho.species[5,5]      1.000   0.000    1.000    1.000    1.000    1.000    1.000 1.000     1
yr[1]                -0.292   0.056   -0.405   -0.330   -0.293   -0.255   -0.181 1.001  4000
yr[2]                 0.415   0.049    0.319    0.382    0.415    0.449    0.508 1.001  4000
yr[3]                 0.263   0.043    0.180    0.234    0.263    0.292    0.345 1.002  2400
yr[4]                 0.000   0.000    0.000    0.000    0.000    0.000    0.000 1.000     1
yr[5]                 0.000   0.000    0.000    0.000    0.000    0.000    0.000 1.000     1
deviance           2430.607  16.017 2400.354 2419.251 2430.066 2441.099 2463.481 1.001  4000

For each parameter, n.eff is a crude measure of effective sample size,
and Rhat is the potential scale reduction factor (at convergence, Rhat=1).

DIC info (using the rule, pD = var(deviance)/2)
pD = 128.3 and DIC = 2558.9
DIC is an estimate of expected predictive error (lower deviance is better).
