Path analysis results at De Hoop 
 physiology-path-analysis-model-4.txt 

Inference for Bugs model at "physiology-path-analysis-model-4.txt", fit using jags,
 5 chains, each with 25000 iterations (first 5000 discarded), n.thin = 25
 n.sims = 4000 iterations saved
                     mu.vect sd.vect   2.5%    25%    50%    75%  97.5%  Rhat n.eff
beta.cond.humid        0.312   0.304 -0.281  0.119  0.312  0.510  0.912 1.001  4000
beta.cond.lfarea       0.299   0.236 -0.184  0.150  0.305  0.451  0.750 1.002  2100
beta.cond.lwr         -0.481   0.262 -0.988 -0.657 -0.475 -0.316  0.035 1.002  1800
beta.cond.sdi          0.315   0.154  0.014  0.213  0.316  0.418  0.615 1.001  4000
beta.cond.sla         -0.203   0.185 -0.568 -0.322 -0.205 -0.083  0.166 1.001  4000
beta.cond.spi          0.536   0.187  0.174  0.416  0.534  0.659  0.909 1.001  4000
beta.cond.temp        -0.928   0.227 -1.370 -1.080 -0.928 -0.780 -0.464 1.001  4000
beta.fluor.humid      -1.008   0.404 -1.795 -1.268 -1.014 -0.753 -0.193 1.002  2500
beta.fluor.lfarea     -0.212   0.346 -0.903 -0.439 -0.209  0.009  0.477 1.002  2500
beta.fluor.lwr         0.467   0.361 -0.243  0.224  0.465  0.699  1.178 1.002  1800
beta.fluor.sdi         0.514   0.235  0.055  0.356  0.514  0.667  0.992 1.001  4000
beta.fluor.sla        -0.121   0.258 -0.622 -0.287 -0.118  0.048  0.392 1.001  4000
beta.fluor.spi        -0.202   0.270 -0.729 -0.380 -0.202 -0.021  0.332 1.002  2000
beta.fluor.temp       -0.371   0.299 -0.970 -0.567 -0.367 -0.182  0.236 1.001  4000
beta.lftemp.humid     -0.790   0.370 -1.529 -1.023 -0.788 -0.540 -0.079 1.002  1700
beta.lftemp.lfarea    -0.065   0.248 -0.577 -0.223 -0.055  0.096  0.420 1.002  2000
beta.lftemp.lwr        0.406   0.285 -0.154  0.221  0.396  0.594  0.972 1.001  3900
beta.lftemp.sdi        0.121   0.163 -0.205  0.015  0.120  0.227  0.447 1.000  4000
beta.lftemp.sla        0.449   0.193  0.063  0.321  0.450  0.575  0.819 1.003  1300
beta.lftemp.spi       -0.601   0.202 -1.005 -0.736 -0.597 -0.468 -0.220 1.002  2400
beta.lftemp.temp       0.255   0.273 -0.317  0.081  0.262  0.439  0.765 1.002  2500
beta.photo.cond        0.899   0.183  0.539  0.780  0.897  1.020  1.256 1.002  3500
beta.photo.fluor       0.130   0.112 -0.094  0.060  0.130  0.201  0.355 1.002  2700
beta.photo.lftemp      0.111   0.225 -0.353 -0.031  0.114  0.256  0.548 1.001  4000
mu.lf[1]               0.448   0.191  0.070  0.323  0.452  0.573  0.825 1.002  2600
mu.lf[2]              -0.610   0.107 -0.821 -0.679 -0.610 -0.538 -0.404 1.001  3400
mu.lf[3]              -0.597   0.135 -0.858 -0.688 -0.597 -0.511 -0.332 1.002  2300
mu.lf[4]              -0.319   0.163 -0.632 -0.427 -0.322 -0.209  0.010 1.002  2200
mu.lf[5]               0.658   0.162  0.334  0.552  0.660  0.764  0.972 1.002  2100
mu.ph[1,1]             1.193   0.393  0.444  0.932  1.183  1.449  1.996 1.001  4000
mu.ph[2,1]             0.662   0.402 -0.162  0.407  0.665  0.922  1.457 1.002  2000
mu.ph[3,1]            -0.576   0.324 -1.194 -0.788 -0.576 -0.363  0.054 1.001  4000
mu.ph[4,1]            -1.004   0.318 -1.658 -1.209 -0.999 -0.800 -0.391 1.001  4000
mu.ph[5,1]            -0.325   0.379 -1.056 -0.581 -0.340 -0.083  0.472 1.001  3900
mu.ph[6,1]            -1.116   0.357 -1.830 -1.343 -1.122 -0.890 -0.411 1.002  2400
mu.ph[7,1]             0.766   0.276  0.187  0.589  0.779  0.954  1.270 1.002  2000
mu.ph[8,1]             0.610   0.294 -0.019  0.420  0.621  0.810  1.153 1.001  4000
mu.ph[9,1]            -0.161   0.264 -0.668 -0.337 -0.168  0.011  0.367 1.001  4000
mu.ph[10,1]           -0.191   0.288 -0.741 -0.387 -0.196 -0.003  0.385 1.001  4000
mu.ph[11,1]            1.196   0.396  0.385  0.941  1.196  1.447  1.987 1.001  3100
mu.ph[12,1]            1.559   0.414  0.685  1.297  1.573  1.835  2.326 1.002  1900
mu.ph[13,1]           -0.971   0.381 -1.678 -1.232 -0.984 -0.730 -0.181 1.002  2500
mu.ph[14,1]           -0.792   0.328 -1.412 -1.015 -0.800 -0.585 -0.088 1.001  4000
mu.ph[15,1]            0.167   0.361 -0.519 -0.079  0.161  0.399  0.906 1.001  4000
mu.ph[16,1]            0.316   0.354 -0.387  0.085  0.316  0.541  1.027 1.001  4000
mu.ph[17,1]           -0.611   0.358 -1.297 -0.838 -0.618 -0.389  0.120 1.002  1800
mu.ph[18,1]           -1.145   0.351 -1.855 -1.379 -1.138 -0.919 -0.457 1.001  2700
mu.ph[19,1]            0.980   0.409  0.137  0.733  0.994  1.246  1.745 1.001  4000
mu.ph[20,1]            1.180   0.382  0.387  0.937  1.189  1.435  1.910 1.001  3200
mu.ph[21,1]            0.315   0.345 -0.388  0.092  0.325  0.541  0.990 1.001  4000
mu.ph[22,1]            0.988   0.345  0.292  0.767  0.994  1.214  1.643 1.001  3800
mu.ph[23,1]            0.592   0.356 -0.140  0.365  0.591  0.825  1.277 1.001  3800
mu.ph[24,1]            1.107   0.360  0.384  0.875  1.107  1.342  1.804 1.001  4000
mu.ph[25,1]            0.244   0.346 -0.449  0.020  0.255  0.481  0.881 1.002  2500
mu.ph[26,1]            0.705   0.356 -0.041  0.475  0.718  0.932  1.395 1.001  4000
mu.ph[1,2]             1.496   0.547  0.451  1.141  1.495  1.847  2.583 1.001  4000
mu.ph[2,2]             0.281   0.589 -0.910 -0.098  0.288  0.664  1.422 1.002  1700
mu.ph[3,2]             0.682   0.466 -0.286  0.391  0.694  0.992  1.572 1.001  3400
mu.ph[4,2]             0.531   0.464 -0.426  0.230  0.538  0.849  1.405 1.001  3700
mu.ph[5,2]            -0.374   0.509 -1.362 -0.703 -0.384 -0.047  0.635 1.001  4000
mu.ph[6,2]            -0.805   0.503 -1.787 -1.132 -0.803 -0.479  0.172 1.001  4000
mu.ph[7,2]             1.360   0.379  0.600  1.122  1.368  1.616  2.067 1.002  2200
mu.ph[8,2]             1.247   0.378  0.493  1.005  1.254  1.493  1.994 1.002  2300
mu.ph[9,2]             0.430   0.363 -0.305  0.193  0.432  0.670  1.160 1.002  2200
mu.ph[10,2]            0.215   0.396 -0.571 -0.039  0.218  0.479  0.971 1.002  2400
mu.ph[11,2]            1.927   0.566  0.799  1.560  1.944  2.288  3.018 1.002  2600
mu.ph[12,2]            1.059   0.563 -0.054  0.692  1.049  1.435  2.166 1.001  4000
mu.ph[13,2]            1.047   0.524  0.023  0.702  1.034  1.389  2.108 1.002  1900
mu.ph[14,2]            0.210   0.436 -0.656 -0.077  0.218  0.499  1.058 1.003  1400
mu.ph[15,2]           -0.522   0.515 -1.520 -0.862 -0.532 -0.189  0.510 1.001  4000
mu.ph[16,2]           -1.172   0.512 -2.147 -1.503 -1.174 -0.848 -0.147 1.001  4000
mu.ph[17,2]           -1.365   0.498 -2.335 -1.695 -1.377 -1.046 -0.339 1.001  2900
mu.ph[18,2]           -1.752   0.498 -2.699 -2.088 -1.759 -1.427 -0.709 1.001  4000
mu.ph[19,2]           -0.372   0.562 -1.470 -0.735 -0.363 -0.013  0.736 1.001  3000
mu.ph[20,2]           -1.317   0.520 -2.358 -1.647 -1.322 -0.971 -0.298 1.001  3900
mu.ph[21,2]            0.466   0.449 -0.424  0.173  0.467  0.772  1.340 1.003  1200
mu.ph[22,2]            1.241   0.500  0.263  0.926  1.244  1.565  2.219 1.004   770
mu.ph[23,2]           -0.939   0.516 -1.960 -1.264 -0.938 -0.609  0.076 1.001  4000
mu.ph[24,2]           -0.056   0.512 -1.077 -0.385 -0.058  0.283  0.941 1.001  4000
mu.ph[25,2]           -0.053   0.465 -0.961 -0.357 -0.065  0.257  0.887 1.002  2500
mu.ph[26,2]           -0.525   0.479 -1.450 -0.836 -0.530 -0.218  0.418 1.001  4000
mu.ph[1,3]            -0.408   0.366 -1.162 -0.641 -0.403 -0.158  0.270 1.001  4000
mu.ph[2,3]            -0.555   0.391 -1.341 -0.805 -0.555 -0.309  0.200 1.001  3200
mu.ph[3,3]             1.312   0.313  0.694  1.107  1.319  1.517  1.945 1.003  4000
mu.ph[4,3]             1.527   0.308  0.922  1.317  1.529  1.730  2.130 1.001  4000
mu.ph[5,3]             0.548   0.349 -0.158  0.317  0.558  0.781  1.219 1.001  4000
mu.ph[6,3]             1.206   0.350  0.492  0.980  1.210  1.439  1.866 1.001  3300
mu.ph[7,3]            -0.196   0.258 -0.687 -0.365 -0.202 -0.031  0.319 1.001  4000
mu.ph[8,3]             0.157   0.264 -0.362 -0.017  0.150  0.333  0.694 1.001  4000
mu.ph[9,3]             0.566   0.242  0.074  0.406  0.573  0.726  1.034 1.001  4000
mu.ph[10,3]            0.171   0.264 -0.361  0.002  0.179  0.348  0.676 1.001  4000
mu.ph[11,3]           -1.082   0.372 -1.804 -1.329 -1.083 -0.837 -0.325 1.001  4000
mu.ph[12,3]           -1.283   0.389 -2.058 -1.531 -1.286 -1.028 -0.535 1.001  3500
mu.ph[13,3]            1.642   0.362  0.915  1.410  1.648  1.878  2.311 1.001  2900
mu.ph[14,3]            0.727   0.306  0.095  0.533  0.730  0.935  1.300 1.001  2800
mu.ph[15,3]           -1.239   0.345 -1.921 -1.465 -1.241 -1.008 -0.533 1.001  4000
mu.ph[16,3]           -1.868   0.337 -2.546 -2.078 -1.868 -1.665 -1.206 1.001  3700
mu.ph[17,3]            0.695   0.343 -0.018  0.480  0.695  0.923  1.355 1.000  4000
mu.ph[18,3]            1.116   0.344  0.439  0.892  1.116  1.337  1.799 1.001  4000
mu.ph[19,3]            0.181   0.384 -0.540 -0.081  0.177  0.426  0.963 1.001  4000
mu.ph[20,3]           -1.093   0.355 -1.786 -1.329 -1.095 -0.868 -0.366 1.001  3200
mu.ph[21,3]           -0.469   0.332 -1.108 -0.695 -0.472 -0.256  0.222 1.001  4000
mu.ph[22,3]           -0.868   0.343 -1.534 -1.087 -0.877 -0.652 -0.186 1.001  2800
mu.ph[23,3]           -1.269   0.344 -1.941 -1.487 -1.263 -1.043 -0.601 1.001  4000
mu.ph[24,3]           -0.963   0.347 -1.665 -1.187 -0.959 -0.735 -0.291 1.001  4000
mu.ph[25,3]           -0.549   0.340 -1.184 -0.773 -0.560 -0.329  0.133 1.002  1800
mu.ph[26,3]           -1.161   0.341 -1.792 -1.388 -1.176 -0.945 -0.431 1.003  1400
mu.photo[1]            0.431   0.195  0.046  0.301  0.432  0.561  0.813 1.001  4000
mu.photo[2]           -0.267   0.120 -0.505 -0.347 -0.266 -0.187 -0.031 1.001  4000
mu.photo[3]            1.140   0.182  0.788  1.016  1.140  1.262  1.497 1.001  3800
mu.photo[4]            1.844   0.238  1.390  1.685  1.841  2.004  2.319 1.001  4000
mu.photo[5]            1.088   0.199  0.692  0.961  1.087  1.218  1.493 1.002  2200
mu.photo[6]            0.627   0.197  0.236  0.494  0.631  0.755  1.015 1.002  2600
mu.photo[7]            0.356   0.227 -0.099  0.206  0.356  0.507  0.801 1.001  4000
mu.photo[8]            0.375   0.178  0.032  0.254  0.374  0.493  0.723 1.001  4000
mu.photo[9]            0.796   0.168  0.471  0.682  0.797  0.907  1.136 1.001  3800
mu.photo[10]           0.364   0.182  0.014  0.242  0.362  0.481  0.734 1.001  3600
mu.photo[11]          -0.715   0.287 -1.281 -0.903 -0.718 -0.528 -0.152 1.001  3300
mu.photo[12]          -0.573   0.196 -0.962 -0.703 -0.573 -0.441 -0.192 1.001  4000
mu.photo[13]           1.793   0.231  1.353  1.638  1.791  1.949  2.249 1.001  4000
mu.photo[14]           1.006   0.211  0.600  0.866  1.007  1.141  1.429 1.001  4000
mu.photo[15]          -0.817   0.249 -1.294 -0.988 -0.820 -0.658 -0.313 1.001  4000
mu.photo[16]          -1.909   0.359 -2.597 -2.149 -1.914 -1.660 -1.200 1.001  4000
mu.photo[17]           0.202   0.214 -0.227  0.063  0.205  0.344  0.627 1.002  2000
mu.photo[18]           1.049   0.229  0.592  0.902  1.050  1.196  1.507 1.002  2000
mu.photo[19]           0.074   0.309 -0.559 -0.125  0.081  0.274  0.679 1.001  4000
mu.photo[20]          -0.745   0.246 -1.239 -0.902 -0.743 -0.584 -0.269 1.001  4000
mu.photo[21]          -0.292   0.137 -0.565 -0.385 -0.292 -0.202 -0.023 1.001  4000
mu.photo[22]          -0.362   0.173 -0.702 -0.475 -0.363 -0.247 -0.016 1.001  4000
mu.photo[23]          -0.895   0.161 -1.213 -1.006 -0.894 -0.789 -0.582 1.001  4000
mu.photo[24]          -0.729   0.162 -1.044 -0.838 -0.728 -0.623 -0.417 1.001  4000
mu.photo[25]          -0.437   0.152 -0.728 -0.538 -0.440 -0.336 -0.130 1.001  4000
mu.photo[26]          -1.112   0.194 -1.491 -1.243 -1.113 -0.984 -0.732 1.001  4000
phx.lf[1,1]            0.927   0.263  0.547  0.741  0.882  1.057  1.571 1.001  4000
phx.lf[2,1]           -0.048   0.107 -0.273 -0.109 -0.044  0.019  0.158 1.001  4000
phx.lf[3,1]           -0.276   0.143 -0.615 -0.354 -0.260 -0.178 -0.050 1.000  4000
phx.lf[4,1]            0.198   0.167 -0.100  0.090  0.188  0.296  0.570 1.002  1900
phx.lf[5,1]            0.200   0.158 -0.078  0.090  0.191  0.291  0.553 1.001  2900
phx.lf[1,2]           -0.048   0.107 -0.273 -0.109 -0.044  0.019  0.158 1.001  4000
phx.lf[2,2]            0.300   0.086  0.175  0.240  0.284  0.343  0.507 1.001  4000
phx.lf[3,2]            0.018   0.075 -0.126 -0.027  0.017  0.062  0.166 1.001  3700
phx.lf[4,2]           -0.024   0.094 -0.220 -0.079 -0.021  0.031  0.160 1.001  4000
phx.lf[5,2]            0.099   0.094 -0.074  0.038  0.094  0.156  0.300 1.001  4000
phx.lf[1,3]           -0.276   0.143 -0.615 -0.354 -0.260 -0.178 -0.050 1.000  4000
phx.lf[2,3]            0.018   0.075 -0.126 -0.027  0.017  0.062  0.166 1.001  3700
phx.lf[3,3]            0.462   0.132  0.271  0.368  0.441  0.529  0.782 1.001  4000
phx.lf[4,3]           -0.065   0.115 -0.306 -0.132 -0.061  0.006  0.155 1.001  4000
phx.lf[5,3]           -0.099   0.114 -0.350 -0.165 -0.094 -0.026  0.108 1.001  2700
phx.lf[1,4]            0.198   0.167 -0.100  0.090  0.188  0.296  0.570 1.002  1900
phx.lf[2,4]           -0.024   0.094 -0.220 -0.079 -0.021  0.031  0.160 1.001  4000
phx.lf[3,4]           -0.065   0.115 -0.306 -0.132 -0.061  0.006  0.155 1.001  4000
phx.lf[4,4]            0.720   0.206  0.422  0.577  0.682  0.827  1.213 1.003  1300
phx.lf[5,4]            0.289   0.154  0.040  0.184  0.270  0.374  0.646 1.002  1500
phx.lf[1,5]            0.200   0.158 -0.078  0.090  0.191  0.291  0.553 1.001  2900
phx.lf[2,5]            0.099   0.094 -0.074  0.038  0.094  0.156  0.300 1.001  4000
phx.lf[3,5]           -0.099   0.114 -0.350 -0.165 -0.094 -0.026  0.108 1.001  2700
phx.lf[4,5]            0.289   0.154  0.040  0.184  0.270  0.374  0.646 1.002  1500
phx.lf[5,5]            0.691   0.194  0.408  0.556  0.659  0.788  1.156 1.001  3600
phx.ph[1,1]            0.228   0.113  0.088  0.151  0.203  0.277  0.518 1.001  4000
phx.ph[2,1]            0.080   0.103 -0.102  0.018  0.069  0.131  0.327 1.002  2000
phx.ph[3,1]           -0.055   0.074 -0.238 -0.089 -0.044 -0.009  0.064 1.001  3900
phx.ph[1,2]            0.080   0.103 -0.102  0.018  0.069  0.131  0.327 1.002  2000
phx.ph[2,2]            0.479   0.199  0.222  0.342  0.436  0.571  0.964 1.002  2400
phx.ph[3,2]            0.022   0.093 -0.164 -0.030  0.019  0.070  0.215 1.003  1300
phx.ph[1,3]           -0.055   0.074 -0.238 -0.089 -0.044 -0.009  0.064 1.001  3900
phx.ph[2,3]            0.022   0.093 -0.164 -0.030  0.019  0.070  0.215 1.003  1300
phx.ph[3,3]            0.209   0.095  0.092  0.146  0.188  0.249  0.452 1.001  4000
rho.lf[1,1]            1.000   0.000  1.000  1.000  1.000  1.000  1.000 1.000     1
rho.lf[2,1]           -0.088   0.184 -0.435 -0.216 -0.093  0.038  0.276 1.001  4000
rho.lf[3,1]           -0.416   0.156 -0.682 -0.529 -0.431 -0.316 -0.087 1.001  4000
rho.lf[4,1]            0.239   0.175 -0.131  0.125  0.249  0.366  0.548 1.001  3600
rho.lf[5,1]            0.247   0.170 -0.096  0.129  0.257  0.372  0.553 1.001  3800
rho.lf[1,2]           -0.088   0.184 -0.435 -0.216 -0.093  0.038  0.276 1.001  4000
rho.lf[2,2]            1.000   0.000  1.000  1.000  1.000  1.000  1.000 1.000     1
rho.lf[3,2]            0.048   0.185 -0.317 -0.076  0.051  0.175  0.405 1.001  3600
rho.lf[4,2]           -0.051   0.186 -0.415 -0.178 -0.050  0.072  0.323 1.001  4000
rho.lf[5,2]            0.216   0.182 -0.161  0.092  0.227  0.349  0.536 1.001  3200
rho.lf[1,3]           -0.416   0.156 -0.682 -0.529 -0.431 -0.316 -0.087 1.001  4000
rho.lf[2,3]            0.048   0.185 -0.317 -0.076  0.051  0.175  0.405 1.001  3600
rho.lf[3,3]            1.000   0.000  1.000  1.000  1.000  1.000  1.000 1.000     1
rho.lf[4,3]           -0.111   0.182 -0.451 -0.236 -0.116  0.011  0.258 1.001  4000
rho.lf[5,3]           -0.171   0.179 -0.510 -0.294 -0.177 -0.052  0.187 1.001  3000
rho.lf[1,4]            0.239   0.175 -0.131  0.125  0.249  0.366  0.548 1.001  3600
rho.lf[2,4]           -0.051   0.186 -0.415 -0.178 -0.050  0.072  0.323 1.001  4000
rho.lf[3,4]           -0.111   0.182 -0.451 -0.236 -0.116  0.011  0.258 1.001  4000
rho.lf[4,4]            1.000   0.000  1.000  1.000  1.000  1.000  1.000 1.000     1
rho.lf[5,4]            0.404   0.160  0.062  0.303  0.415  0.518  0.680 1.001  3000
rho.lf[1,5]            0.247   0.170 -0.096  0.129  0.257  0.372  0.553 1.001  3800
rho.lf[2,5]            0.216   0.182 -0.161  0.092  0.227  0.349  0.536 1.001  3200
rho.lf[3,5]           -0.171   0.179 -0.510 -0.294 -0.177 -0.052  0.187 1.001  3000
rho.lf[4,5]            0.404   0.160  0.062  0.303  0.415  0.518  0.680 1.001  3000
rho.lf[5,5]            1.000   0.000  1.000  1.000  1.000  1.000  1.000 1.000     1
rho.ph[1,1]            1.000   0.000  1.000  1.000  1.000  1.000  1.000 1.000     1
rho.ph[2,1]            0.235   0.250 -0.300  0.071  0.255  0.415  0.665 1.003  1000
rho.ph[3,1]           -0.230   0.260 -0.686 -0.424 -0.246 -0.056  0.317 1.001  4000
rho.ph[1,2]            0.235   0.250 -0.300  0.071  0.255  0.415  0.665 1.003  1000
rho.ph[2,2]            1.000   0.000  1.000  1.000  1.000  1.000  1.000 1.000     1
rho.ph[3,2]            0.069   0.257 -0.426 -0.107  0.071  0.254  0.550 1.002  1600
rho.ph[1,3]           -0.230   0.260 -0.686 -0.424 -0.246 -0.056  0.317 1.001  4000
rho.ph[2,3]            0.069   0.257 -0.426 -0.107  0.071  0.254  0.550 1.002  1600
rho.ph[3,3]            1.000   0.000  1.000  1.000  1.000  1.000  1.000 1.000     1
sigmasq.indiv.cond     0.674   0.416  0.225  0.403  0.567  0.816  1.781 1.001  4000
sigmasq.indiv.fluor    0.892   0.588  0.279  0.513  0.735  1.075  2.384 1.001  4000
sigmasq.indiv.lftemp   0.921   0.781  0.261  0.495  0.739  1.119  2.662 1.002  2500
sigmasq.photo          0.306   0.102  0.171  0.239  0.289  0.352  0.546 1.001  3200
deviance              49.072  17.797 16.859 36.687 48.783 60.879 83.737 1.002  2600

For each parameter, n.eff is a crude measure of effective sample size,
and Rhat is the potential scale reduction factor (at convergence, Rhat=1).

DIC info (using the rule, pD = var(deviance)/2)
pD = 158.3 and DIC = 207.4
DIC is an estimate of expected predictive error (lower deviance is better).
