Path analysis results at Kleinmond 

Inference for Bugs model at "physiology-path-analysis-with-wue.txt", fit using jags,
 5 chains, each with 25000 iterations (first 5000 discarded), n.thin = 25
 n.sims = 4000 iterations saved
                   mu.vect sd.vect    2.5%     25%     50%     75%   97.5%  Rhat n.eff
beta.fluor.humid    -0.085   0.418  -0.941  -0.356  -0.074   0.198   0.727 1.001  4000
beta.fluor.lfarea   -0.095   0.217  -0.530  -0.238  -0.092   0.046   0.333 1.001  4000
beta.fluor.lwr       0.029   0.218  -0.397  -0.111   0.031   0.172   0.455 1.001  4000
beta.fluor.sdi       0.415   0.355  -0.299   0.178   0.417   0.657   1.086 1.000  4000
beta.fluor.sla      -0.002   0.301  -0.596  -0.194   0.001   0.185   0.597 1.001  4000
beta.fluor.spi       0.155   0.195  -0.218   0.027   0.154   0.282   0.532 1.001  4000
beta.fluor.temp     -0.308   0.355  -1.035  -0.534  -0.308  -0.072   0.380 1.001  3700
beta.lftemp.humid    0.197   0.496  -0.768  -0.133   0.202   0.526   1.189 1.003  1100
beta.lftemp.lfarea  -0.302   0.254  -0.800  -0.463  -0.302  -0.135   0.197 1.001  4000
beta.lftemp.lwr     -0.009   0.251  -0.482  -0.174  -0.015   0.151   0.503 1.001  4000
beta.lftemp.sdi      0.312   0.432  -0.554   0.036   0.303   0.594   1.187 1.002  2100
beta.lftemp.sla     -0.193   0.335  -0.869  -0.412  -0.192   0.025   0.463 1.001  4000
beta.lftemp.spi     -0.084   0.226  -0.538  -0.232  -0.087   0.063   0.356 1.000  4000
beta.lftemp.temp     0.609   0.442  -0.289   0.332   0.617   0.890   1.504 1.002  1900
beta.photo.fluor    -0.037   0.303  -0.629  -0.242  -0.037   0.159   0.563 1.001  4000
beta.photo.humid     0.012   0.290  -0.553  -0.180   0.009   0.200   0.577 1.001  2700
beta.photo.lftemp   -0.388   0.260  -0.916  -0.556  -0.387  -0.221   0.127 1.001  4000
beta.photo.temp      0.057   0.372  -0.664  -0.181   0.049   0.303   0.797 1.001  4000
beta.photo.trans     0.642   0.173   0.302   0.531   0.641   0.754   0.986 1.002  1700
beta.trans.humid    -0.657   0.619  -1.812  -1.080  -0.668  -0.271   0.644 1.002  1800
beta.trans.lfarea    0.233   0.292  -0.352   0.048   0.238   0.423   0.807 1.002  2600
beta.trans.lwr       0.029   0.302  -0.548  -0.177   0.026   0.222   0.631 1.001  2800
beta.trans.sdi      -0.274   0.492  -1.246  -0.606  -0.275   0.046   0.703 1.001  3800
beta.trans.sla       0.542   0.401  -0.205   0.272   0.536   0.800   1.363 1.001  4000
beta.trans.spi      -0.057   0.262  -0.578  -0.223  -0.055   0.118   0.452 1.003  1100
beta.trans.temp     -0.190   0.563  -1.292  -0.553  -0.196   0.154   0.933 1.002  3300
beta.wue.humid      -0.821   1.921  -4.564  -2.116  -0.843   0.472   2.983 1.002  1700
beta.wue.lfarea      3.111   1.566  -0.030   2.084   3.131   4.172   6.113 1.001  4000
beta.wue.lwr        -0.592   1.481  -3.436  -1.587  -0.591   0.383   2.308 1.002  2000
beta.wue.sdi         0.782   1.971  -3.127  -0.553   0.783   2.125   4.522 1.001  4000
beta.wue.sla        -1.396   1.939  -5.173  -2.690  -1.397  -0.122   2.472 1.002  1900
beta.wue.spi        -0.559   1.352  -3.143  -1.516  -0.553   0.344   2.148 1.001  4000
beta.wue.temp       -1.579   1.826  -5.317  -2.759  -1.538  -0.369   1.900 1.001  4000
mu.lf[1]            -0.564   0.166  -0.904  -0.673  -0.566  -0.455  -0.245 1.001  2900
mu.lf[2]             0.751   0.204   0.358   0.617   0.749   0.887   1.153 1.001  4000
mu.lf[3]             0.744   0.185   0.381   0.624   0.745   0.863   1.104 1.001  3500
mu.lf[4]             0.394   0.227  -0.053   0.250   0.390   0.539   0.841 1.003  1000
mu.lf[5]            -0.819   0.105  -1.015  -0.887  -0.822  -0.752  -0.610 1.002  1700
mu.ph[1,1]          -0.741   0.533  -1.791  -1.086  -0.748  -0.413   0.366 1.001  4000
mu.ph[2,1]          -0.002   0.532  -1.039  -0.356  -0.006   0.346   1.053 1.001  4000
mu.ph[3,1]          -1.140   0.651  -2.489  -1.549  -1.102  -0.704   0.062 1.001  4000
mu.ph[4,1]          -0.235   0.519  -1.214  -0.575  -0.245   0.094   0.800 1.001  4000
mu.ph[5,1]           0.284   0.448  -0.605  -0.007   0.292   0.576   1.142 1.001  3200
mu.ph[6,1]           0.590   0.462  -0.305   0.298   0.586   0.895   1.512 1.001  4000
mu.ph[7,1]           0.241   0.583  -0.918  -0.140   0.240   0.613   1.425 1.001  4000
mu.ph[8,1]          -0.162   0.450  -1.076  -0.450  -0.154   0.142   0.716 1.000  4000
mu.ph[9,1]          -0.226   0.427  -1.076  -0.502  -0.223   0.047   0.600 1.000  4000
mu.ph[10,1]          0.280   0.487  -0.711  -0.039   0.276   0.592   1.231 1.001  4000
mu.ph[11,1]          0.244   0.415  -0.602  -0.032   0.244   0.529   1.053 1.000  4000
mu.ph[12,1]          0.840   0.489  -0.122   0.525   0.842   1.159   1.792 1.002  2100
mu.ph[13,1]          1.400   0.505   0.398   1.063   1.407   1.751   2.389 1.001  4000
mu.ph[14,1]         -1.027   0.493  -2.001  -1.342  -1.027  -0.707  -0.086 1.001  4000
mu.ph[15,1]         -1.129   0.526  -2.163  -1.469  -1.129  -0.794  -0.055 1.001  4000
mu.ph[16,1]         -1.753   0.464  -2.634  -2.067  -1.763  -1.448  -0.826 1.001  4000
mu.ph[17,1]         -2.102   0.497  -3.050  -2.423  -2.108  -1.787  -1.100 1.001  4000
mu.ph[18,1]         -0.281   0.570  -1.404  -0.648  -0.280   0.093   0.817 1.001  4000
mu.ph[19,1]         -0.659   0.494  -1.628  -0.981  -0.660  -0.343   0.309 1.001  4000
mu.ph[20,1]         -1.100   0.433  -1.965  -1.377  -1.093  -0.817  -0.252 1.001  4000
mu.ph[21,1]         -0.831   0.574  -1.958  -1.211  -0.831  -0.459   0.341 1.002  2600
mu.ph[1,2]           0.270   0.431  -0.560  -0.017   0.269   0.541   1.160 1.001  4000
mu.ph[2,2]           0.113   0.445  -0.780  -0.168   0.116   0.397   0.998 1.001  4000
mu.ph[3,2]          -0.726   0.530  -1.721  -1.082  -0.734  -0.399   0.350 1.002  2500
mu.ph[4,2]          -0.785   0.423  -1.610  -1.063  -0.795  -0.517   0.042 1.001  4000
mu.ph[5,2]          -0.860   0.367  -1.568  -1.103  -0.862  -0.626  -0.117 1.002  2100
mu.ph[6,2]          -0.419   0.393  -1.177  -0.675  -0.420  -0.161   0.339 1.001  4000
mu.ph[7,2]          -0.993   0.478  -1.970  -1.298  -0.983  -0.679  -0.072 1.001  4000
mu.ph[8,2]           0.232   0.387  -0.563  -0.010   0.232   0.480   0.972 1.000  4000
mu.ph[9,2]           0.182   0.368  -0.547  -0.055   0.184   0.423   0.882 1.001  4000
mu.ph[10,2]         -0.404   0.411  -1.205  -0.673  -0.409  -0.139   0.392 1.000  4000
mu.ph[11,2]         -0.348   0.364  -1.068  -0.586  -0.354  -0.109   0.369 1.001  4000
mu.ph[12,2]         -0.766   0.393  -1.556  -1.017  -0.768  -0.515   0.030 1.001  2800
mu.ph[13,2]         -0.815   0.393  -1.607  -1.075  -0.813  -0.550  -0.039 1.001  3000
mu.ph[14,2]          0.814   0.398   0.023   0.565   0.814   1.080   1.590 1.002  2700
mu.ph[15,2]          0.696   0.435  -0.173   0.412   0.707   0.975   1.543 1.001  3600
mu.ph[16,2]          0.080   0.387  -0.705  -0.169   0.082   0.324   0.850 1.001  4000
mu.ph[17,2]         -0.172   0.413  -0.986  -0.441  -0.181   0.099   0.649 1.001  3000
mu.ph[18,2]          0.627   0.477  -0.327   0.317   0.634   0.928   1.571 1.001  3700
mu.ph[19,2]          0.045   0.425  -0.788  -0.238   0.044   0.326   0.898 1.001  4000
mu.ph[20,2]         -0.131   0.379  -0.878  -0.378  -0.128   0.125   0.630 1.001  3000
mu.ph[21,2]         -0.636   0.478  -1.596  -0.954  -0.639  -0.318   0.313 1.001  4000
mu.ph[1,3]          -0.380   0.596  -1.521  -0.778  -0.407   0.001   0.837 1.002  2100
mu.ph[2,3]          -1.202   0.603  -2.394  -1.595  -1.213  -0.811   0.010 1.001  3400
mu.ph[3,3]          -0.295   0.768  -1.863  -0.765  -0.279   0.216   1.140 1.001  4000
mu.ph[4,3]           0.299   0.585  -0.832  -0.081   0.299   0.672   1.502 1.002  2600
mu.ph[5,3]          -0.564   0.510  -1.645  -0.890  -0.560  -0.221   0.422 1.000  4000
mu.ph[6,3]          -0.657   0.540  -1.679  -1.021  -0.681  -0.313   0.489 1.003   980
mu.ph[7,3]          -0.404   0.656  -1.706  -0.828  -0.410   0.021   0.910 1.001  4000
mu.ph[8,3]           1.918   0.530   0.785   1.585   1.932   2.272   2.923 1.001  3700
mu.ph[9,3]           1.790   0.511   0.749   1.473   1.811   2.138   2.749 1.000  4000
mu.ph[10,3]          0.348   0.552  -0.780  -0.006   0.357   0.686   1.458 1.001  4000
mu.ph[11,3]          0.377   0.491  -0.652   0.078   0.385   0.690   1.327 1.001  3200
mu.ph[12,3]          1.314   0.544   0.249   0.954   1.309   1.666   2.425 1.000  4000
mu.ph[13,3]          0.625   0.563  -0.490   0.260   0.631   0.982   1.756 1.002  1800
mu.ph[14,3]         -0.706   0.553  -1.865  -1.040  -0.692  -0.361   0.335 1.002  1800
mu.ph[15,3]         -0.352   0.589  -1.491  -0.731  -0.350   0.010   0.870 1.002  2100
mu.ph[16,3]         -0.916   0.563  -1.989  -1.290  -0.925  -0.551   0.239 1.001  4000
mu.ph[17,3]         -0.982   0.551  -2.038  -1.350  -0.997  -0.641   0.151 1.001  3000
mu.ph[18,3]          0.842   0.642  -0.480   0.432   0.853   1.267   2.084 1.002  2500
mu.ph[19,3]          1.476   0.564   0.302   1.114   1.479   1.851   2.584 1.001  4000
mu.ph[20,3]          1.180   0.518   0.150   0.851   1.185   1.516   2.198 1.002  2300
mu.ph[21,3]          1.070   0.641  -0.171   0.655   1.057   1.480   2.384 1.002  1700
mu.ph[1,4]           1.186   3.718  -5.902  -1.261   1.177   3.587   8.652 1.001  4000
mu.ph[2,4]           1.707   3.794  -5.673  -0.832   1.638   4.158   9.353 1.001  2900
mu.ph[3,4]          10.887   4.601   2.668   7.667  10.493  13.732  20.537 1.001  3100
mu.ph[4,4]           1.444   3.562  -5.563  -0.947   1.469   3.844   8.462 1.001  3300
mu.ph[5,4]           2.273   3.145  -4.035   0.180   2.288   4.396   8.391 1.002  1800
mu.ph[6,4]           0.419   2.894  -5.533  -1.437   0.519   2.430   5.873 1.002  1600
mu.ph[7,4]           6.882   4.238  -1.464   4.072   6.901   9.699  15.272 1.003  1300
mu.ph[8,4]           2.599   2.910  -3.027   0.644   2.576   4.566   8.360 1.001  4000
mu.ph[9,4]           1.668   2.731  -3.959  -0.098   1.693   3.400   7.099 1.001  4000
mu.ph[10,4]         -0.481   3.275  -6.919  -2.650  -0.502   1.709   5.922 1.002  1900
mu.ph[11,4]          2.082   2.616  -3.112   0.369   2.007   3.742   7.457 1.002  2500
mu.ph[12,4]          0.368   3.124  -6.316  -1.591   0.587   2.501   6.000 1.002  2000
mu.ph[13,4]         -0.933   3.321  -8.053  -2.930  -0.644   1.432   4.966 1.001  3200
mu.ph[14,4]          5.021   3.475  -1.844   2.724   5.015   7.247  11.901 1.001  4000
mu.ph[15,4]          2.144   3.756  -5.086  -0.353   2.133   4.528   9.742 1.001  4000
mu.ph[16,4]          2.800   3.005  -2.949   0.811   2.744   4.809   8.781 1.001  4000
mu.ph[17,4]          5.593   3.213  -0.687   3.486   5.557   7.639  12.066 1.001  4000
mu.ph[18,4]         -0.916   3.845  -8.317  -3.509  -0.928   1.586   7.010 1.001  4000
mu.ph[19,4]          1.485   2.877  -4.159  -0.401   1.520   3.380   7.191 1.001  4000
mu.ph[20,4]          2.374   2.558  -2.562   0.718   2.363   4.074   7.338 1.001  4000
mu.ph[21,4]          0.109   3.961  -7.690  -2.500   0.099   2.698   7.901 1.001  4000
mu.photo[1]          0.064   0.427  -0.767  -0.213   0.059   0.342   0.902 1.001  3400
mu.photo[2]         -1.814   0.656  -3.132  -2.240  -1.806  -1.388  -0.517 1.002  1600
mu.photo[3]          0.083   0.472  -0.830  -0.227   0.082   0.387   1.015 1.001  4000
mu.photo[4]         -0.224   0.399  -1.010  -0.482  -0.218   0.025   0.564 1.000  4000
mu.photo[5]         -0.694   0.315  -1.316  -0.892  -0.694  -0.487  -0.060 1.001  4000
mu.photo[6]         -1.088   0.364  -1.834  -1.323  -1.089  -0.847  -0.374 1.001  3500
mu.photo[7]         -0.791   0.387  -1.588  -1.038  -0.783  -0.542  -0.040 1.001  4000
mu.photo[8]          0.725   0.318   0.097   0.516   0.727   0.928   1.361 1.001  4000
mu.photo[9]          1.250   0.481   0.267   0.944   1.252   1.556   2.190 1.001  4000
mu.photo[10]        -0.251   0.313  -0.858  -0.452  -0.249  -0.047   0.364 1.001  4000
mu.photo[11]         0.046   0.379  -0.705  -0.206   0.053   0.294   0.798 1.001  4000
mu.photo[12]         0.028   0.298  -0.560  -0.170   0.027   0.221   0.644 1.001  4000
mu.photo[13]        -0.412   0.478  -1.342  -0.726  -0.420  -0.105   0.540 1.001  4000
mu.photo[14]         0.037   0.573  -1.088  -0.342   0.037   0.401   1.171 1.001  4000
mu.photo[15]        -0.908   0.512  -1.937  -1.228  -0.919  -0.580   0.124 1.001  4000
mu.photo[16]        -0.677   0.370  -1.424  -0.918  -0.682  -0.433   0.064 1.001  4000
mu.photo[17]        -0.232   0.635  -1.494  -0.646  -0.224   0.178   1.050 1.001  4000
mu.photo[18]         0.187   0.339  -0.480  -0.035   0.185   0.410   0.862 1.001  4000
mu.photo[19]         0.943   0.348   0.256   0.713   0.945   1.174   1.617 1.001  4000
mu.photo[20]         0.504   0.353  -0.198   0.276   0.506   0.735   1.204 1.001  2900
mu.photo[21]         0.975   0.459   0.075   0.683   0.978   1.272   1.876 1.002  2600
rho.lf[1,1]          1.000   0.000   1.000   1.000   1.000   1.000   1.000 1.000     1
rho.lf[2,1]         -0.132   0.202  -0.509  -0.272  -0.135   0.004   0.274 1.001  4000
rho.lf[3,1]          0.147   0.201  -0.258   0.013   0.156   0.287   0.515 1.001  4000
rho.lf[4,1]          0.244   0.191  -0.137   0.108   0.248   0.382   0.587 1.001  4000
rho.lf[5,1]          0.457   0.166   0.081   0.351   0.478   0.576   0.735 1.001  3400
rho.lf[1,2]         -0.132   0.202  -0.509  -0.272  -0.135   0.004   0.274 1.001  4000
rho.lf[2,2]          1.000   0.000   1.000   1.000   1.000   1.000   1.000 1.000     1
rho.lf[3,2]          0.009   0.204  -0.382  -0.133   0.011   0.147   0.415 1.001  4000
rho.lf[4,2]          0.122   0.203  -0.290  -0.016   0.124   0.265   0.501 1.002  2400
rho.lf[5,2]          0.162   0.203  -0.255   0.031   0.168   0.303   0.534 1.001  3100
rho.lf[1,3]          0.147   0.201  -0.258   0.013   0.156   0.287   0.515 1.001  4000
rho.lf[2,3]          0.009   0.204  -0.382  -0.133   0.011   0.147   0.415 1.001  4000
rho.lf[3,3]          1.000   0.000   1.000   1.000   1.000   1.000   1.000 1.000     1
rho.lf[4,3]         -0.129   0.201  -0.503  -0.271  -0.134   0.008   0.274 1.001  4000
rho.lf[5,3]          0.090   0.205  -0.320  -0.049   0.099   0.233   0.471 1.001  2900
rho.lf[1,4]          0.244   0.191  -0.137   0.108   0.248   0.382   0.587 1.001  4000
rho.lf[2,4]          0.122   0.203  -0.290  -0.016   0.124   0.265   0.501 1.002  2400
rho.lf[3,4]         -0.129   0.201  -0.503  -0.271  -0.134   0.008   0.274 1.001  4000
rho.lf[4,4]          1.000   0.000   1.000   1.000   1.000   1.000   1.000 1.000     1
rho.lf[5,4]          0.353   0.179  -0.032   0.240   0.365   0.482   0.672 1.002  1700
rho.lf[1,5]          0.457   0.166   0.081   0.351   0.478   0.576   0.735 1.001  3400
rho.lf[2,5]          0.162   0.203  -0.255   0.031   0.168   0.303   0.534 1.001  3100
rho.lf[3,5]          0.090   0.205  -0.320  -0.049   0.099   0.233   0.471 1.001  2900
rho.lf[4,5]          0.353   0.179  -0.032   0.240   0.365   0.482   0.672 1.002  1700
rho.lf[5,5]          1.000   0.000   1.000   1.000   1.000   1.000   1.000 1.000     1
rho.ph[1,1]          1.000   0.000   1.000   1.000   1.000   1.000   1.000 1.000     1
rho.ph[2,1]         -0.117   0.279  -0.627  -0.318  -0.132   0.079   0.437 1.001  3500
rho.ph[3,1]          0.215   0.281  -0.380   0.023   0.236   0.423   0.694 1.001  4000
rho.ph[4,1]          0.707   0.169   0.276   0.627   0.744   0.829   0.921 1.001  2800
rho.ph[1,2]         -0.117   0.279  -0.627  -0.318  -0.132   0.079   0.437 1.001  3500
rho.ph[2,2]          1.000   0.000   1.000   1.000   1.000   1.000   1.000 1.000     1
rho.ph[3,2]          0.192   0.280  -0.383   0.002   0.205   0.396   0.686 1.001  4000
rho.ph[4,2]         -0.174   0.292  -0.681  -0.394  -0.195   0.028   0.432 1.001  3000
rho.ph[1,3]          0.215   0.281  -0.380   0.023   0.236   0.423   0.694 1.001  4000
rho.ph[2,3]          0.192   0.280  -0.383   0.002   0.205   0.396   0.686 1.001  4000
rho.ph[3,3]          1.000   0.000   1.000   1.000   1.000   1.000   1.000 1.000     1
rho.ph[4,3]          0.479   0.247  -0.118   0.343   0.520   0.665   0.829 1.002  1400
rho.ph[1,4]          0.707   0.169   0.276   0.627   0.744   0.829   0.921 1.001  2800
rho.ph[2,4]         -0.174   0.292  -0.681  -0.394  -0.195   0.028   0.432 1.001  3000
rho.ph[3,4]          0.479   0.247  -0.118   0.343   0.520   0.665   0.829 1.002  1400
rho.ph[4,4]          1.000   0.000   1.000   1.000   1.000   1.000   1.000 1.000     1
sigmasq.fluor        0.567   0.370   0.180   0.326   0.473   0.689   1.498 1.001  4000
sigmasq.lftemp       0.926   0.701   0.245   0.485   0.729   1.132   2.706 1.001  4000
sigmasq.photo        0.673   0.265   0.336   0.494   0.617   0.786   1.322 1.001  4000
sigmasq.trans        1.409   0.989   0.381   0.778   1.140   1.753   3.967 1.001  3400
sigmasq.wue          8.528  12.806   0.343   1.246   3.501  10.656  43.443 1.003  1200
deviance           168.975  17.029 137.076 157.284 168.643 180.177 203.762 1.001  4000

For each parameter, n.eff is a crude measure of effective sample size,
and Rhat is the potential scale reduction factor (at convergence, Rhat=1).

DIC info (using the rule, pD = var(deviance)/2)
pD = 145.0 and DIC = 314.0
DIC is an estimate of expected predictive error (lower deviance is better).
