Path analysis results at De Hoop 

Inference for Bugs model at "physiology-path-analysis.txt", fit using jags,
 5 chains, each with 25000 iterations (first 5000 discarded), n.thin = 25
 n.sims = 4000 iterations saved
                   mu.vect sd.vect     2.5%      25%     50%     75%   97.5%  Rhat n.eff
beta.fluor.humid    -0.986   0.392   -1.751   -1.247  -0.992  -0.720  -0.222 1.002  1700
beta.fluor.lfarea   -0.234   0.343   -0.906   -0.462  -0.241  -0.006   0.472 1.002  2400
beta.fluor.lwr       0.544   0.365   -0.161    0.304   0.539   0.775   1.304 1.001  4000
beta.fluor.sdi       0.514   0.234    0.061    0.358   0.512   0.666   0.972 1.001  4000
beta.fluor.sla      -0.143   0.260   -0.653   -0.310  -0.141   0.028   0.372 1.001  4000
beta.fluor.spi      -0.225   0.263   -0.737   -0.397  -0.224  -0.054   0.301 1.001  3500
beta.fluor.temp     -0.357   0.296   -0.943   -0.549  -0.361  -0.160   0.232 1.002  2400
beta.lftemp.humid   -0.865   0.371   -1.583   -1.109  -0.864  -0.618  -0.144 1.001  4000
beta.lftemp.lfarea  -0.048   0.238   -0.542   -0.199  -0.043   0.112   0.408 1.003  1300
beta.lftemp.lwr      0.381   0.280   -0.161    0.194   0.377   0.564   0.952 1.002  1600
beta.lftemp.sdi      0.126   0.160   -0.195    0.026   0.124   0.227   0.448 1.002  1800
beta.lftemp.sla      0.455   0.196    0.078    0.322   0.454   0.586   0.834 1.001  3000
beta.lftemp.spi     -0.584   0.196   -0.971   -0.712  -0.583  -0.453  -0.206 1.002  2500
beta.lftemp.temp     0.214   0.279   -0.356    0.034   0.225   0.401   0.746 1.001  4000
beta.photo.fluor     0.290   0.137    0.017    0.202   0.290   0.377   0.566 1.001  4000
beta.photo.humid     0.018   0.195   -0.367   -0.105   0.018   0.148   0.391 1.001  4000
beta.photo.lftemp   -0.392   0.149   -0.675   -0.492  -0.390  -0.295  -0.092 1.001  2800
beta.photo.temp     -0.681   0.190   -1.049   -0.806  -0.684  -0.558  -0.304 1.002  1700
beta.photo.trans     0.475   0.194    0.095    0.353   0.472   0.605   0.864 1.001  4000
beta.trans.humid     0.075   0.279   -0.488   -0.108   0.079   0.258   0.624 1.001  4000
beta.trans.lfarea    0.239   0.237   -0.237    0.089   0.238   0.392   0.710 1.002  1800
beta.trans.lwr       0.027   0.263   -0.493   -0.143   0.027   0.205   0.533 1.001  4000
beta.trans.sdi       0.401   0.158    0.092    0.299   0.398   0.503   0.715 1.001  3400
beta.trans.sla       0.038   0.179   -0.312   -0.080   0.034   0.153   0.397 1.002  2300
beta.trans.spi       0.341   0.182   -0.014    0.219   0.342   0.460   0.703 1.001  4000
beta.trans.temp     -0.103   0.207   -0.520   -0.236  -0.107   0.030   0.305 1.001  4000
rho.lf[1,1]          1.000   0.000    1.000    1.000   1.000   1.000   1.000 1.000     1
rho.lf[2,1]         -0.006   0.393   -0.719   -0.302  -0.004   0.293   0.718 1.001  2700
rho.lf[3,1]         -0.002   0.387   -0.703   -0.294  -0.012   0.292   0.721 1.001  4000
rho.lf[4,1]         -0.001   0.396   -0.733   -0.296  -0.003   0.303   0.729 1.001  3500
rho.lf[5,1]          0.008   0.391   -0.705   -0.300   0.014   0.310   0.727 1.001  4000
rho.lf[1,2]         -0.006   0.393   -0.719   -0.302  -0.004   0.293   0.718 1.001  2700
rho.lf[2,2]          1.000   0.000    1.000    1.000   1.000   1.000   1.000 1.000     1
rho.lf[3,2]          0.004   0.394   -0.713   -0.292  -0.002   0.307   0.731 1.001  4000
rho.lf[4,2]          0.004   0.387   -0.699   -0.294   0.006   0.306   0.714 1.001  4000
rho.lf[5,2]         -0.007   0.389   -0.725   -0.301  -0.016   0.283   0.713 1.001  3400
rho.lf[1,3]         -0.002   0.387   -0.703   -0.294  -0.012   0.292   0.721 1.001  4000
rho.lf[2,3]          0.004   0.394   -0.713   -0.292  -0.002   0.307   0.731 1.001  4000
rho.lf[3,3]          1.000   0.000    1.000    1.000   1.000   1.000   1.000 1.000     1
rho.lf[4,3]          0.017   0.391   -0.728   -0.279   0.027   0.317   0.710 1.001  4000
rho.lf[5,3]         -0.001   0.388   -0.711   -0.288  -0.001   0.298   0.705 1.001  3300
rho.lf[1,4]         -0.001   0.396   -0.733   -0.296  -0.003   0.303   0.729 1.001  3500
rho.lf[2,4]          0.004   0.387   -0.699   -0.294   0.006   0.306   0.714 1.001  4000
rho.lf[3,4]          0.017   0.391   -0.728   -0.279   0.027   0.317   0.710 1.001  4000
rho.lf[4,4]          1.000   0.000    1.000    1.000   1.000   1.000   1.000 1.000     1
rho.lf[5,4]         -0.007   0.389   -0.726   -0.302  -0.004   0.292   0.702 1.001  4000
rho.lf[1,5]          0.008   0.391   -0.705   -0.300   0.014   0.310   0.727 1.001  4000
rho.lf[2,5]         -0.007   0.389   -0.725   -0.301  -0.016   0.283   0.713 1.001  3400
rho.lf[3,5]         -0.001   0.388   -0.711   -0.288  -0.001   0.298   0.705 1.001  3300
rho.lf[4,5]         -0.007   0.389   -0.726   -0.302  -0.004   0.292   0.702 1.001  4000
rho.lf[5,5]          1.000   0.000    1.000    1.000   1.000   1.000   1.000 1.000     1
rho.ph[1,1]          1.000   0.000    1.000    1.000   1.000   1.000   1.000 1.000     1
rho.ph[2,1]          0.234   0.250   -0.295    0.070   0.254   0.413   0.663 1.002  1700
rho.ph[3,1]          0.047   0.263   -0.464   -0.135   0.056   0.234   0.532 1.000  4000
rho.ph[1,2]          0.234   0.250   -0.295    0.070   0.254   0.413   0.663 1.002  1700
rho.ph[2,2]          1.000   0.000    1.000    1.000   1.000   1.000   1.000 1.000     1
rho.ph[3,2]          0.360   0.225   -0.141    0.217   0.380   0.524   0.724 1.002  1800
rho.ph[1,3]          0.047   0.263   -0.464   -0.135   0.056   0.234   0.532 1.000  4000
rho.ph[2,3]          0.360   0.225   -0.141    0.217   0.380   0.524   0.724 1.002  1800
rho.ph[3,3]          1.000   0.000    1.000    1.000   1.000   1.000   1.000 1.000     1
sigmasq.fluor        0.893   0.587    0.282    0.520   0.738   1.072   2.454 1.002  1700
sigmasq.lftemp       1.040   0.787    0.278    0.564   0.840   1.277   2.816 1.001  3300
sigmasq.photo        0.256   0.091    0.136    0.198   0.239   0.296   0.471 1.001  4000
sigmasq.trans        0.546   0.331    0.190    0.333   0.457   0.666   1.413 1.001  4000
deviance           -95.516  39.682 -170.693 -122.241 -96.566 -69.135 -16.776 1.001  4000

For each parameter, n.eff is a crude measure of effective sample size,
and Rhat is the potential scale reduction factor (at convergence, Rhat=1).

DIC info (using the rule, pD = var(deviance)/2)
pD = 787.6 and DIC = 692.1
DIC is an estimate of expected predictive error (lower deviance is better).
