beta.par:             6
max.r:                0.4

Inference for Bugs model at "traits-environment.txt", fit using jags,
 5 chains, each with 25000 iterations (first 5000 discarded), n.thin = 25
 n.sims = 4000 iterations saved
                   mu.vect sd.vect    2.5%     25%     50%     75%   97.5%  Rhat n.eff
Sigma.resid[1,1]     0.920   0.087   0.760   0.860   0.915   0.976   1.104 1.001  4000
Sigma.resid[2,1]    -0.193   0.038  -0.267  -0.220  -0.195  -0.168  -0.116 1.001  4000
Sigma.resid[3,1]     0.014   0.050  -0.085  -0.019   0.014   0.048   0.113 1.001  4000
Sigma.resid[4,1]    -0.070   0.038  -0.145  -0.095  -0.070  -0.044   0.005 1.001  3700
Sigma.resid[5,1]    -0.100   0.047  -0.192  -0.132  -0.102  -0.069  -0.006 1.001  4000
Sigma.resid[1,2]    -0.193   0.038  -0.267  -0.220  -0.195  -0.168  -0.116 1.001  4000
Sigma.resid[2,2]     0.659   0.062   0.552   0.616   0.656   0.697   0.789 1.001  4000
Sigma.resid[3,2]    -0.132   0.042  -0.215  -0.160  -0.132  -0.103  -0.049 1.002  2100
Sigma.resid[4,2]    -0.013   0.032  -0.076  -0.035  -0.013   0.009   0.048 1.002  1500
Sigma.resid[5,2]     0.115   0.038   0.040   0.090   0.115   0.142   0.191 1.001  4000
Sigma.resid[1,3]     0.014   0.050  -0.085  -0.019   0.014   0.048   0.113 1.001  4000
Sigma.resid[2,3]    -0.132   0.042  -0.215  -0.160  -0.132  -0.103  -0.049 1.002  2100
Sigma.resid[3,3]     0.868   0.082   0.720   0.811   0.864   0.920   1.042 1.001  2900
Sigma.resid[4,3]    -0.003   0.037  -0.076  -0.028  -0.002   0.021   0.068 1.002  2300
Sigma.resid[5,3]     0.228   0.037   0.154   0.204   0.229   0.253   0.301 1.001  4000
Sigma.resid[1,4]    -0.070   0.038  -0.145  -0.095  -0.070  -0.044   0.005 1.001  3700
Sigma.resid[2,4]    -0.013   0.032  -0.076  -0.035  -0.013   0.009   0.048 1.002  1500
Sigma.resid[3,4]    -0.003   0.037  -0.076  -0.028  -0.002   0.021   0.068 1.002  2300
Sigma.resid[4,4]     0.464   0.046   0.383   0.431   0.460   0.492   0.562 1.002  2300
Sigma.resid[5,4]     0.048   0.034  -0.018   0.026   0.048   0.071   0.115 1.001  4000
Sigma.resid[1,5]    -0.100   0.047  -0.192  -0.132  -0.102  -0.069  -0.006 1.001  4000
Sigma.resid[2,5]     0.115   0.038   0.040   0.090   0.115   0.142   0.191 1.001  4000
Sigma.resid[3,5]     0.228   0.037   0.154   0.204   0.229   0.253   0.301 1.001  4000
Sigma.resid[4,5]     0.048   0.034  -0.018   0.026   0.048   0.071   0.115 1.001  4000
Sigma.resid[5,5]     0.775   0.072   0.647   0.727   0.771   0.822   0.930 1.001  4000
Sigma.species[1,1]   0.035   0.041   0.000   0.006   0.021   0.048   0.148 1.012   630
Sigma.species[2,1]   0.000   0.011  -0.025  -0.005   0.000   0.005   0.023 1.001  4000
Sigma.species[3,1]   0.001   0.005  -0.010  -0.001   0.000   0.002   0.013 1.004  4000
Sigma.species[4,1]  -0.006   0.016  -0.043  -0.012  -0.003   0.002   0.024 1.002  1500
Sigma.species[5,1]  -0.001   0.009  -0.019  -0.004   0.000   0.003   0.018 1.001  4000
Sigma.species[1,2]   0.000   0.011  -0.025  -0.005   0.000   0.005   0.023 1.001  4000
Sigma.species[2,2]   0.298   0.138   0.122   0.205   0.268   0.358   0.641 1.001  3900
Sigma.species[3,2]  -0.003   0.015  -0.034  -0.010  -0.002   0.005   0.029 1.001  4000
Sigma.species[4,2]  -0.041   0.041  -0.124  -0.065  -0.041  -0.016   0.043 1.001  4000
Sigma.species[5,2]   0.015   0.025  -0.034   0.000   0.015   0.030   0.065 1.001  3500
Sigma.species[1,3]   0.001   0.005  -0.010  -0.001   0.000   0.002   0.013 1.004  4000
Sigma.species[2,3]  -0.003   0.015  -0.034  -0.010  -0.002   0.005   0.029 1.001  4000
Sigma.species[3,3]   0.061   0.056   0.000   0.021   0.048   0.085   0.203 1.075   360
Sigma.species[4,3]  -0.007   0.020  -0.054  -0.017  -0.004   0.004   0.034 1.001  4000
Sigma.species[5,3]   0.002   0.012  -0.022  -0.004   0.001   0.007   0.028 1.001  3700
Sigma.species[1,4]  -0.006   0.016  -0.043  -0.012  -0.003   0.002   0.024 1.002  1500
Sigma.species[2,4]  -0.041   0.041  -0.124  -0.065  -0.041  -0.016   0.043 1.001  4000
Sigma.species[3,4]  -0.007   0.020  -0.054  -0.017  -0.004   0.004   0.034 1.001  4000
Sigma.species[4,4]   0.555   0.228   0.256   0.400   0.507   0.651   1.122 1.001  4000
Sigma.species[5,4]  -0.001   0.033  -0.068  -0.021  -0.001   0.020   0.066 1.002  2400
Sigma.species[1,5]  -0.001   0.009  -0.019  -0.004   0.000   0.003   0.018 1.001  4000
Sigma.species[2,5]   0.015   0.025  -0.034   0.000   0.015   0.030   0.065 1.001  3500
Sigma.species[3,5]   0.002   0.012  -0.022  -0.004   0.001   0.007   0.028 1.001  3700
Sigma.species[4,5]  -0.001   0.033  -0.068  -0.021  -0.001   0.020   0.066 1.002  2400
Sigma.species[5,5]   0.178   0.095   0.054   0.113   0.160   0.221   0.416 1.002  2400
beta.map[1]         -0.146   0.084  -0.313  -0.200  -0.147  -0.090   0.016 1.001  4000
beta.map[2]          0.227   0.155  -0.074   0.125   0.224   0.327   0.536 1.002  1400
beta.map[3]          0.174   0.092  -0.006   0.114   0.173   0.232   0.362 1.002  2600
beta.map[4]         -0.271   0.194  -0.665  -0.397  -0.271  -0.143   0.106 1.002  1900
beta.map[5]          0.127   0.123  -0.121   0.046   0.127   0.205   0.373 1.003  1000
beta.mat[1]         -0.045   0.077  -0.198  -0.095  -0.045   0.006   0.111 1.001  2800
beta.mat[2]          0.182   0.136  -0.091   0.094   0.185   0.270   0.450 1.002  1600
beta.mat[3]          0.195   0.086   0.021   0.140   0.195   0.250   0.370 1.001  4000
beta.mat[4]          0.031   0.171  -0.297  -0.083   0.031   0.138   0.376 1.002  2000
beta.mat[5]          0.233   0.114   0.003   0.160   0.236   0.308   0.452 1.002  2500
beta.ratio[1]        0.255   0.083   0.097   0.201   0.253   0.306   0.422 1.001  4000
beta.ratio[2]       -0.141   0.148  -0.431  -0.240  -0.142  -0.044   0.146 1.002  1500
beta.ratio[3]       -0.259   0.091  -0.441  -0.318  -0.260  -0.203  -0.075 1.002  2000
beta.ratio[4]        0.027   0.187  -0.339  -0.096   0.023   0.152   0.406 1.001  4000
beta.ratio[5]       -0.098   0.123  -0.338  -0.178  -0.099  -0.016   0.149 1.002  1900
rho.resid[1,1]       1.000   0.000   1.000   1.000   1.000   1.000   1.000 1.000     1
rho.resid[2,1]      -0.249   0.045  -0.328  -0.280  -0.251  -0.220  -0.153 1.001  4000
rho.resid[3,1]       0.016   0.056  -0.094  -0.022   0.016   0.053   0.124 1.001  4000
rho.resid[4,1]      -0.107   0.057  -0.217  -0.145  -0.108  -0.069   0.008 1.001  3300
rho.resid[5,1]      -0.119   0.055  -0.224  -0.156  -0.121  -0.083  -0.006 1.001  4000
rho.resid[1,2]      -0.249   0.045  -0.328  -0.280  -0.251  -0.220  -0.153 1.001  4000
rho.resid[2,2]       1.000   0.000   1.000   1.000   1.000   1.000   1.000 1.000     1
rho.resid[3,2]      -0.174   0.053  -0.273  -0.211  -0.176  -0.138  -0.066 1.002  2600
rho.resid[4,2]      -0.024   0.058  -0.136  -0.064  -0.024   0.017   0.087 1.002  1500
rho.resid[5,2]       0.161   0.051   0.058   0.127   0.162   0.198   0.256 1.001  4000
rho.resid[1,3]       0.016   0.056  -0.094  -0.022   0.016   0.053   0.124 1.001  4000
rho.resid[2,3]      -0.174   0.053  -0.273  -0.211  -0.176  -0.138  -0.066 1.002  2600
rho.resid[3,3]       1.000   0.000   1.000   1.000   1.000   1.000   1.000 1.000     1
rho.resid[4,3]      -0.005   0.057  -0.121  -0.044  -0.004   0.035   0.106 1.002  2200
rho.resid[5,3]       0.278   0.039   0.195   0.253   0.280   0.307   0.346 1.000  4000
rho.resid[1,4]      -0.107   0.057  -0.217  -0.145  -0.108  -0.069   0.008 1.001  3300
rho.resid[2,4]      -0.024   0.058  -0.136  -0.064  -0.024   0.017   0.087 1.002  1500
rho.resid[3,4]      -0.005   0.057  -0.121  -0.044  -0.004   0.035   0.106 1.002  2200
rho.resid[4,4]       1.000   0.000   1.000   1.000   1.000   1.000   1.000 1.000     1
rho.resid[5,4]       0.080   0.057  -0.031   0.043   0.080   0.118   0.189 1.001  4000
rho.resid[1,5]      -0.119   0.055  -0.224  -0.156  -0.121  -0.083  -0.006 1.001  4000
rho.resid[2,5]       0.161   0.051   0.058   0.127   0.162   0.198   0.256 1.001  4000
rho.resid[3,5]       0.278   0.039   0.195   0.253   0.280   0.307   0.346 1.000  4000
rho.resid[4,5]       0.080   0.057  -0.031   0.043   0.080   0.118   0.189 1.001  4000
rho.resid[5,5]       1.000   0.000   1.000   1.000   1.000   1.000   1.000 1.000     1
rho.species[1,1]     1.000   0.000   1.000   1.000   1.000   1.000   1.000 1.000     1
rho.species[2,1]     0.003   0.111  -0.209  -0.075   0.001   0.084   0.214 1.001  3800
rho.species[3,1]     0.013   0.111  -0.207  -0.066   0.016   0.092   0.218 1.001  4000
rho.species[4,1]    -0.040   0.109  -0.235  -0.119  -0.045   0.036   0.179 1.002  1700
rho.species[5,1]    -0.009   0.110  -0.217  -0.086  -0.010   0.068   0.203 1.001  4000
rho.species[1,2]     0.003   0.111  -0.209  -0.075   0.001   0.084   0.214 1.001  3800
rho.species[2,2]     1.000   0.000   1.000   1.000   1.000   1.000   1.000 1.000     1
rho.species[3,2]    -0.020   0.109  -0.224  -0.097  -0.023   0.056   0.192 1.001  4000
rho.species[4,2]    -0.108   0.097  -0.281  -0.180  -0.113  -0.044   0.100 1.000  4000
rho.species[5,2]     0.072   0.104  -0.134  -0.001   0.076   0.149   0.256 1.001  4000
rho.species[1,3]     0.013   0.111  -0.207  -0.066   0.016   0.092   0.218 1.001  4000
rho.species[2,3]    -0.020   0.109  -0.224  -0.097  -0.023   0.056   0.192 1.001  4000
rho.species[3,3]     1.000   0.000   1.000   1.000   1.000   1.000   1.000 1.000     1
rho.species[4,3]    -0.037   0.108  -0.238  -0.113  -0.039   0.038   0.179 1.001  3800
rho.species[5,3]     0.012   0.110  -0.200  -0.065   0.013   0.090   0.224 1.001  2800
rho.species[1,4]    -0.040   0.109  -0.235  -0.119  -0.045   0.036   0.179 1.002  1700
rho.species[2,4]    -0.108   0.097  -0.281  -0.180  -0.113  -0.044   0.100 1.000  4000
rho.species[3,4]    -0.037   0.108  -0.238  -0.113  -0.039   0.038   0.179 1.001  3800
rho.species[4,4]     1.000   0.000   1.000   1.000   1.000   1.000   1.000 1.000     1
rho.species[5,4]    -0.003   0.104  -0.197  -0.077  -0.003   0.071   0.201 1.001  3200
rho.species[1,5]    -0.009   0.110  -0.217  -0.086  -0.010   0.068   0.203 1.001  4000
rho.species[2,5]     0.072   0.104  -0.134  -0.001   0.076   0.149   0.256 1.001  4000
rho.species[3,5]     0.012   0.110  -0.200  -0.065   0.013   0.090   0.224 1.001  2800
rho.species[4,5]    -0.003   0.104  -0.197  -0.077  -0.003   0.071   0.201 1.001  3200
rho.species[5,5]     1.000   0.000   1.000   1.000   1.000   1.000   1.000 1.000     1
deviance           704.151  16.191 673.610 693.118 703.486 714.975 736.819 1.001  4000

For each parameter, n.eff is a crude measure of effective sample size,
and Rhat is the potential scale reduction factor (at convergence, Rhat=1).

DIC info (using the rule, pD = var(deviance)/2)
pD = 131.1 and DIC = 835.3
DIC is an estimate of expected predictive error (lower deviance is better).

 Dbar:  2845.278
 Dhat:  2767.447
 pD:    77.83044
 DIC:   2923.108
