Path analysis results at Kleinmond 

Inference for Bugs model at "physiology-path-analysis-with-wue.txt", fit using jags,
 5 chains, each with 25000 iterations (first 5000 discarded), n.thin = 25
 n.sims = 4000 iterations saved
                   mu.vect sd.vect    2.5%     25%     50%     75%   97.5%  Rhat n.eff
beta.cond.humid     -0.467   0.433  -1.326  -0.737  -0.464  -0.187   0.384 1.002  1500
beta.cond.lfarea     0.262   0.229  -0.199   0.115   0.265   0.410   0.697 1.002  1600
beta.cond.lwr       -0.101   0.222  -0.538  -0.244  -0.100   0.048   0.340 1.002  2500
beta.cond.sdi        0.080   0.367  -0.629  -0.163   0.071   0.315   0.813 1.000  4000
beta.cond.sla        0.425   0.312  -0.182   0.218   0.424   0.627   1.034 1.001  4000
beta.cond.spi       -0.021   0.207  -0.436  -0.159  -0.020   0.113   0.385 1.002  2700
beta.cond.temp      -0.610   0.377  -1.353  -0.840  -0.605  -0.375   0.110 1.003  1000
beta.fluor.humid    -0.084   0.395  -0.869  -0.336  -0.083   0.175   0.676 1.002  1600
beta.fluor.lfarea   -0.077   0.206  -0.471  -0.215  -0.082   0.057   0.348 1.001  4000
beta.fluor.lwr      -0.020   0.211  -0.452  -0.155  -0.020   0.120   0.394 1.001  3900
beta.fluor.sdi       0.345   0.351  -0.362   0.120   0.345   0.576   1.012 1.002  1700
beta.fluor.sla       0.003   0.285  -0.549  -0.180   0.002   0.188   0.562 1.003  1100
beta.fluor.spi       0.183   0.185  -0.181   0.061   0.180   0.304   0.547 1.002  2100
beta.fluor.temp     -0.371   0.360  -1.120  -0.586  -0.365  -0.145   0.324 1.002  1600
beta.lftemp.humid    0.015   0.545  -1.137  -0.318   0.044   0.376   1.023 1.007   580
beta.lftemp.lfarea  -0.311   0.243  -0.789  -0.470  -0.313  -0.146   0.170 1.001  4000
beta.lftemp.lwr      0.031   0.252  -0.466  -0.135   0.023   0.197   0.533 1.000  4000
beta.lftemp.sdi      0.603   0.483  -0.332   0.268   0.599   0.919   1.582 1.003  1300
beta.lftemp.sla     -0.176   0.322  -0.813  -0.384  -0.169   0.032   0.450 1.004   890
beta.lftemp.spi     -0.164   0.226  -0.610  -0.314  -0.164  -0.020   0.276 1.004   760
beta.lftemp.temp     0.524   0.503  -0.518   0.226   0.548   0.832   1.490 1.005   980
beta.photo.cond      0.591   0.632  -0.643   0.181   0.589   1.001   1.842 1.001  3300
beta.photo.fluor    -0.267   0.416  -1.060  -0.536  -0.274   0.003   0.580 1.001  4000
beta.photo.humid    -0.160   0.351  -0.837  -0.385  -0.162   0.064   0.534 1.002  1800
beta.photo.lftemp   -0.222   0.323  -0.871  -0.426  -0.219  -0.008   0.401 1.001  2700
beta.photo.temp      0.070   0.410  -0.759  -0.203   0.074   0.341   0.890 1.002  2600
beta.photo.trans     0.315   0.397  -0.488   0.062   0.319   0.574   1.086 1.001  4000
beta.photo.wue      -0.021   0.032  -0.084  -0.042  -0.021   0.000   0.043 1.001  3100
beta.trans.humid    -0.743   0.557  -1.857  -1.113  -0.752  -0.375   0.386 1.004   830
beta.trans.lfarea    0.236   0.285  -0.345   0.061   0.247   0.423   0.781 1.001  2800
beta.trans.lwr       0.017   0.282  -0.523  -0.170   0.016   0.210   0.571 1.001  4000
beta.trans.sdi      -0.246   0.480  -1.210  -0.560  -0.247   0.067   0.683 1.000  4000
beta.trans.sla       0.587   0.390  -0.167   0.323   0.584   0.842   1.392 1.003  1300
beta.trans.spi      -0.087   0.252  -0.592  -0.250  -0.093   0.072   0.425 1.002  1400
beta.trans.temp     -0.186   0.487  -1.144  -0.500  -0.192   0.134   0.776 1.002  2000
beta.wue.humid      -0.776   2.132  -4.790  -2.269  -0.789   0.671   3.422 1.001  4000
beta.wue.lfarea      2.572   1.834  -1.137   1.358   2.618   3.796   6.028 1.002  2200
beta.wue.lwr        -0.188   1.725  -3.601  -1.352  -0.192   0.943   3.180 1.001  4000
beta.wue.sdi         0.614   2.227  -3.711  -0.859   0.629   2.142   4.900 1.001  3900
beta.wue.sla        -1.471   2.173  -5.663  -2.958  -1.471   0.038   2.697 1.003  1000
beta.wue.spi        -0.923   1.623  -4.143  -1.999  -0.906   0.155   2.258 1.000  4000
beta.wue.temp       -0.520   2.022  -4.581  -1.797  -0.511   0.813   3.434 1.001  4000
mu.lf[1]            -0.561   0.166  -0.897  -0.669  -0.559  -0.456  -0.229 1.001  4000
mu.lf[2]             0.748   0.207   0.352   0.614   0.746   0.883   1.152 1.001  4000
mu.lf[3]             0.745   0.183   0.375   0.628   0.747   0.862   1.112 1.001  4000
mu.lf[4]             0.393   0.226  -0.059   0.243   0.392   0.545   0.844 1.001  4000
mu.lf[5]            -0.820   0.102  -1.017  -0.885  -0.822  -0.755  -0.616 1.001  4000
mu.ph[1,1]          -0.875   0.507  -1.868  -1.208  -0.880  -0.562   0.129 1.002  2200
mu.ph[2,1]           0.049   0.505  -0.959  -0.283   0.064   0.380   1.034 1.001  4000
mu.ph[3,1]          -1.242   0.676  -2.664  -1.658  -1.216  -0.774   0.018 1.002  2700
mu.ph[4,1]          -0.273   0.478  -1.204  -0.590  -0.271   0.032   0.686 1.002  2300
mu.ph[5,1]           0.259   0.423  -0.562  -0.018   0.248   0.526   1.112 1.003  1200
mu.ph[6,1]           0.579   0.452  -0.326   0.290   0.573   0.881   1.460 1.001  4000
mu.ph[7,1]           0.186   0.565  -0.949  -0.172   0.176   0.554   1.301 1.002  2600
mu.ph[8,1]           0.026   0.442  -0.915  -0.260   0.044   0.321   0.870 1.001  4000
mu.ph[9,1]          -0.181   0.408  -0.986  -0.445  -0.181   0.087   0.614 1.002  1700
mu.ph[10,1]          0.431   0.444  -0.441   0.136   0.428   0.720   1.299 1.001  2700
mu.ph[11,1]          0.549   0.394  -0.239   0.289   0.555   0.814   1.323 1.001  4000
mu.ph[12,1]          0.664   0.434  -0.205   0.381   0.666   0.951   1.513 1.001  3700
mu.ph[13,1]          1.314   0.448   0.400   1.026   1.322   1.612   2.186 1.001  3200
mu.ph[14,1]         -0.879   0.477  -1.807  -1.195  -0.890  -0.561   0.063 1.001  4000
mu.ph[15,1]         -1.063   0.511  -2.036  -1.403  -1.076  -0.741  -0.014 1.001  4000
mu.ph[16,1]         -1.670   0.455  -2.574  -1.966  -1.674  -1.370  -0.780 1.002  1700
mu.ph[17,1]         -2.189   0.484  -3.099  -2.515  -2.199  -1.869  -1.225 1.003  1200
mu.ph[18,1]         -0.304   0.537  -1.375  -0.649  -0.306   0.040   0.776 1.001  4000
mu.ph[19,1]         -0.640   0.468  -1.577  -0.949  -0.629  -0.324   0.271 1.002  2600
mu.ph[20,1]         -0.985   0.412  -1.847  -1.250  -0.983  -0.720  -0.159 1.002  1700
mu.ph[21,1]         -0.823   0.545  -1.865  -1.186  -0.826  -0.475   0.280 1.001  4000
mu.ph[1,2]           0.336   0.412  -0.485   0.070   0.337   0.608   1.133 1.002  2000
mu.ph[2,2]           0.115   0.427  -0.743  -0.153   0.109   0.393   0.952 1.002  1500
mu.ph[3,2]          -0.560   0.514  -1.575  -0.887  -0.577  -0.236   0.489 1.001  4000
mu.ph[4,2]          -0.775   0.420  -1.608  -1.043  -0.778  -0.501   0.067 1.001  4000
mu.ph[5,2]          -0.852   0.359  -1.550  -1.089  -0.853  -0.619  -0.144 1.002  1500
mu.ph[6,2]          -0.444   0.383  -1.190  -0.691  -0.446  -0.198   0.295 1.001  3900
mu.ph[7,2]          -0.972   0.472  -1.904  -1.281  -0.976  -0.671  -0.050 1.001  4000
mu.ph[8,2]           0.165   0.367  -0.576  -0.068   0.165   0.394   0.883 1.004   960
mu.ph[9,2]           0.126   0.346  -0.562  -0.096   0.127   0.350   0.816 1.003   970
mu.ph[10,2]         -0.461   0.397  -1.286  -0.705  -0.445  -0.202   0.293 1.001  4000
mu.ph[11,2]         -0.450   0.343  -1.160  -0.667  -0.447  -0.226   0.228 1.001  3100
mu.ph[12,2]         -0.749   0.372  -1.496  -0.989  -0.743  -0.507  -0.005 1.000  4000
mu.ph[13,2]         -0.870   0.371  -1.622  -1.112  -0.866  -0.620  -0.169 1.001  4000
mu.ph[14,2]          0.740   0.388  -0.058   0.489   0.747   0.999   1.456 1.001  3400
mu.ph[15,2]          0.622   0.419  -0.246   0.358   0.637   0.899   1.427 1.002  1700
mu.ph[16,2]          0.099   0.379  -0.612  -0.152   0.097   0.345   0.879 1.002  2500
mu.ph[17,2]         -0.155   0.394  -0.933  -0.417  -0.165   0.100   0.620 1.002  2400
mu.ph[18,2]          0.662   0.465  -0.294   0.366   0.661   0.959   1.588 1.001  4000
mu.ph[19,2]          0.000   0.414  -0.842  -0.268   0.007   0.278   0.801 1.003  1300
mu.ph[20,2]         -0.128   0.368  -0.857  -0.361  -0.126   0.106   0.594 1.002  2600
mu.ph[21,2]         -0.627   0.463  -1.528  -0.929  -0.640  -0.313   0.268 1.002  1700
mu.ph[1,3]          -0.313   0.587  -1.433  -0.687  -0.324   0.048   0.918 1.002  2200
mu.ph[2,3]          -1.120   0.607  -2.318  -1.501  -1.129  -0.740   0.081 1.001  4000
mu.ph[3,3]          -0.432   0.710  -1.959  -0.882  -0.421   0.043   0.886 1.002  1800
mu.ph[4,3]           0.259   0.569  -0.893  -0.114   0.249   0.636   1.386 1.001  4000
mu.ph[5,3]          -0.636   0.484  -1.613  -0.938  -0.630  -0.319   0.293 1.001  4000
mu.ph[6,3]          -0.628   0.517  -1.598  -0.977  -0.636  -0.294   0.443 1.001  4000
mu.ph[7,3]          -0.348   0.658  -1.618  -0.784  -0.368   0.080   0.985 1.002  2400
mu.ph[8,3]           1.889   0.519   0.791   1.565   1.908   2.240   2.844 1.001  4000
mu.ph[9,3]           1.711   0.501   0.629   1.393   1.724   2.043   2.631 1.001  4000
mu.ph[10,3]          0.418   0.540  -0.643   0.067   0.418   0.768   1.479 1.001  3500
mu.ph[11,3]          0.463   0.475  -0.492   0.156   0.471   0.774   1.396 1.001  4000
mu.ph[12,3]          1.103   0.503   0.078   0.782   1.110   1.434   2.090 1.001  2900
mu.ph[13,3]          0.392   0.500  -0.606   0.067   0.393   0.729   1.377 1.001  3300
mu.ph[14,3]         -0.699   0.547  -1.814  -1.050  -0.695  -0.343   0.355 1.001  4000
mu.ph[15,3]         -0.333   0.576  -1.446  -0.713  -0.350   0.032   0.861 1.001  4000
mu.ph[16,3]         -0.759   0.568  -1.829  -1.140  -0.780  -0.401   0.448 1.001  4000
mu.ph[17,3]         -0.901   0.553  -1.937  -1.274  -0.917  -0.564   0.245 1.001  4000
mu.ph[18,3]          0.749   0.632  -0.520   0.339   0.773   1.175   1.966 1.001  4000
mu.ph[19,3]          1.413   0.549   0.327   1.058   1.420   1.775   2.450 1.003  1400
mu.ph[20,3]          1.239   0.494   0.255   0.915   1.242   1.557   2.215 1.002  2300
mu.ph[21,3]          1.144   0.650  -0.095   0.729   1.134   1.553   2.441 1.003  1300
mu.ph[1,4]          -0.400   0.464  -1.305  -0.708  -0.416  -0.106   0.546 1.001  4000
mu.ph[2,4]          -1.038   0.488  -1.985  -1.358  -1.043  -0.724  -0.086 1.001  4000
mu.ph[3,4]           0.498   0.568  -0.617   0.124   0.504   0.880   1.591 1.002  1700
mu.ph[4,4]          -0.037   0.470  -0.971  -0.337  -0.034   0.262   0.933 1.001  4000
mu.ph[5,4]          -0.689   0.395  -1.519  -0.938  -0.688  -0.427   0.070 1.001  3400
mu.ph[6,4]          -0.937   0.414  -1.737  -1.211  -0.946  -0.665  -0.089 1.001  4000
mu.ph[7,4]          -0.682   0.528  -1.710  -1.023  -0.693  -0.355   0.420 1.003  1300
mu.ph[8,4]           1.021   0.417   0.158   0.760   1.035   1.303   1.826 1.000  4000
mu.ph[9,4]           0.736   0.388  -0.060   0.491   0.749   0.994   1.476 1.001  4000
mu.ph[10,4]         -0.416   0.433  -1.299  -0.697  -0.415  -0.138   0.416 1.001  4000
mu.ph[11,4]         -0.275   0.370  -1.023  -0.514  -0.267  -0.033   0.450 1.001  4000
mu.ph[12,4]          0.301   0.405  -0.543   0.037   0.300   0.570   1.096 1.002  2000
mu.ph[13,4]         -0.395   0.394  -1.188  -0.654  -0.394  -0.141   0.385 1.001  2700
mu.ph[14,4]          0.674   0.428  -0.211   0.398   0.686   0.961   1.477 1.002  1700
mu.ph[15,4]          0.744   0.460  -0.157   0.456   0.740   1.037   1.677 1.003  1400
mu.ph[16,4]          0.994   0.425   0.204   0.708   0.979   1.270   1.868 1.001  4000
mu.ph[17,4]          0.685   0.439  -0.164   0.391   0.677   0.962   1.579 1.001  4000
mu.ph[18,4]          0.764   0.522  -0.294   0.426   0.777   1.111   1.774 1.000  4000
mu.ph[19,4]          0.895   0.438   0.021   0.608   0.911   1.184   1.757 1.002  2500
mu.ph[20,4]          0.525   0.390  -0.261   0.278   0.527   0.782   1.293 1.001  4000
mu.ph[21,4]          0.122   0.523  -0.915  -0.210   0.117   0.457   1.172 1.003  1300
mu.ph[1,5]           1.443   4.800  -8.007  -1.720   1.511   4.533  10.880 1.001  4000
mu.ph[2,5]           3.017   4.660  -6.097  -0.079   3.027   6.167  12.273 1.001  2700
mu.ph[3,5]           8.799   4.879  -0.089   5.604   8.516  11.602  19.593 1.002  2300
mu.ph[4,5]           1.870   4.304  -6.545  -1.071   1.848   4.727  10.304 1.002  1900
mu.ph[5,5]           3.106   3.632  -3.950   0.698   3.063   5.435  10.521 1.001  4000
mu.ph[6,5]           1.819   3.172  -4.924  -0.162   1.951   3.962   7.695 1.001  4000
mu.ph[7,5]           7.838   5.338  -3.184   4.337   7.940  11.273  18.242 1.001  4000
mu.ph[8,5]           1.884   3.455  -5.178  -0.242   1.856   4.152   8.468 1.003  1300
mu.ph[9,5]           1.147   3.409  -5.659  -1.114   1.186   3.422   7.786 1.002  1700
mu.ph[10,5]         -1.103   3.736  -8.337  -3.618  -1.111   1.374   6.133 1.000  4000
mu.ph[11,5]          1.315   2.893  -4.601  -0.564   1.399   3.222   6.796 1.001  4000
mu.ph[12,5]          1.147   3.097  -5.362  -0.871   1.276   3.239   6.913 1.001  3300
mu.ph[13,5]          0.984   3.105  -5.763  -0.849   1.100   3.045   6.509 1.001  3400
mu.ph[14,5]          2.754   4.560  -6.252  -0.306   2.694   5.747  11.895 1.001  4000
mu.ph[15,5]          0.335   4.821  -8.818  -2.924   0.216   3.547   9.825 1.001  4000
mu.ph[16,5]          0.049   3.660  -7.227  -2.331   0.073   2.453   7.189 1.001  2900
mu.ph[17,5]          2.915   4.047  -4.899   0.260   2.955   5.475  10.771 1.002  2100
mu.ph[18,5]         -2.181   4.600 -11.218  -5.263  -2.289   0.892   6.919 1.000  4000
mu.ph[19,5]          1.188   3.285  -5.555  -0.898   1.203   3.257   7.847 1.002  2100
mu.ph[20,5]          1.378   2.975  -4.545  -0.585   1.362   3.337   7.184 1.001  4000
mu.ph[21,5]          0.308   4.961  -9.428  -2.969   0.292   3.651   9.929 1.001  4000
mu.photo[1]         -0.064   0.492  -1.052  -0.374  -0.067   0.248   0.903 1.001  4000
mu.photo[2]         -1.875   0.691  -3.238  -2.307  -1.879  -1.436  -0.518 1.001  4000
mu.photo[3]          0.004   0.824  -1.637  -0.522   0.008   0.537   1.603 1.001  3900
mu.photo[4]         -0.087   0.443  -0.995  -0.360  -0.082   0.199   0.788 1.001  2700
mu.photo[5]         -0.616   0.341  -1.293  -0.827  -0.617  -0.401   0.062 1.001  3500
mu.photo[6]         -1.145   0.379  -1.894  -1.394  -1.140  -0.890  -0.429 1.001  3700
mu.photo[7]         -0.934   0.425  -1.792  -1.208  -0.922  -0.658  -0.110 1.002  1600
mu.photo[8]          0.974   0.427   0.088   0.700   0.983   1.250   1.796 1.001  3400
mu.photo[9]          1.087   0.539  -0.017   0.759   1.084   1.426   2.155 1.000  4000
mu.photo[10]        -0.293   0.332  -0.965  -0.505  -0.293  -0.080   0.363 1.002  2100
mu.photo[11]        -0.075   0.412  -0.893  -0.340  -0.077   0.186   0.751 1.001  3000
mu.photo[12]         0.009   0.359  -0.717  -0.221   0.010   0.242   0.715 1.001  4000
mu.photo[13]        -0.261   0.595  -1.445  -0.639  -0.260   0.134   0.875 1.001  4000
mu.photo[14]         0.068   0.590  -1.080  -0.300   0.057   0.435   1.274 1.001  4000
mu.photo[15]        -1.191   0.614  -2.369  -1.600  -1.199  -0.798   0.045 1.000  4000
mu.photo[16]        -0.262   0.578  -1.405  -0.640  -0.269   0.117   0.904 1.001  2800
mu.photo[17]        -0.171   0.634  -1.400  -0.575  -0.173   0.231   1.064 1.002  2100
mu.photo[18]         0.367   0.401  -0.431   0.108   0.374   0.625   1.176 1.002  1700
mu.photo[19]         1.101   0.404   0.296   0.847   1.100   1.359   1.878 1.002  2200
mu.photo[20]         0.353   0.427  -0.490   0.079   0.355   0.622   1.201 1.001  4000
mu.photo[21]         0.743   0.581  -0.378   0.371   0.737   1.128   1.908 1.001  4000
rho.lf[1,1]          1.000   0.000   1.000   1.000   1.000   1.000   1.000 1.000     1
rho.lf[2,1]         -0.129   0.204  -0.502  -0.277  -0.134   0.009   0.287 1.001  4000
rho.lf[3,1]          0.142   0.201  -0.265   0.008   0.148   0.284   0.517 1.001  4000
rho.lf[4,1]          0.243   0.195  -0.156   0.115   0.254   0.383   0.594 1.001  4000
rho.lf[5,1]          0.456   0.164   0.097   0.354   0.470   0.577   0.729 1.002  2400
rho.lf[1,2]         -0.129   0.204  -0.502  -0.277  -0.134   0.009   0.287 1.001  4000
rho.lf[2,2]          1.000   0.000   1.000   1.000   1.000   1.000   1.000 1.000     1
rho.lf[3,2]          0.013   0.207  -0.405  -0.128   0.015   0.159   0.403 1.001  4000
rho.lf[4,2]          0.132   0.202  -0.271  -0.006   0.137   0.273   0.506 1.001  4000
rho.lf[5,2]          0.160   0.204  -0.266   0.023   0.171   0.301   0.527 1.003  1300
rho.lf[1,3]          0.142   0.201  -0.265   0.008   0.148   0.284   0.517 1.001  4000
rho.lf[2,3]          0.013   0.207  -0.405  -0.128   0.015   0.159   0.403 1.001  4000
rho.lf[3,3]          1.000   0.000   1.000   1.000   1.000   1.000   1.000 1.000     1
rho.lf[4,3]         -0.133   0.204  -0.510  -0.276  -0.142   0.008   0.277 1.001  4000
rho.lf[5,3]          0.085   0.202  -0.321  -0.049   0.088   0.228   0.466 1.001  4000
rho.lf[1,4]          0.243   0.195  -0.156   0.115   0.254   0.383   0.594 1.001  4000
rho.lf[2,4]          0.132   0.202  -0.271  -0.006   0.137   0.273   0.506 1.001  4000
rho.lf[3,4]         -0.133   0.204  -0.510  -0.276  -0.142   0.008   0.277 1.001  4000
rho.lf[4,4]          1.000   0.000   1.000   1.000   1.000   1.000   1.000 1.000     1
rho.lf[5,4]          0.355   0.181  -0.027   0.235   0.369   0.488   0.659 1.001  4000
rho.lf[1,5]          0.456   0.164   0.097   0.354   0.470   0.577   0.729 1.002  2400
rho.lf[2,5]          0.160   0.204  -0.266   0.023   0.171   0.301   0.527 1.003  1300
rho.lf[3,5]          0.085   0.202  -0.321  -0.049   0.088   0.228   0.466 1.001  4000
rho.lf[4,5]          0.355   0.181  -0.027   0.235   0.369   0.488   0.659 1.001  4000
rho.lf[5,5]          1.000   0.000   1.000   1.000   1.000   1.000   1.000 1.000     1
rho.ph[1,1]          1.000   0.000   1.000   1.000   1.000   1.000   1.000 1.000     1
rho.ph[2,1]         -0.140   0.267  -0.617  -0.332  -0.156   0.048   0.398 1.001  4000
rho.ph[3,1]          0.234   0.265  -0.318   0.054   0.256   0.429   0.685 1.001  4000
rho.ph[4,1]          0.139   0.273  -0.407  -0.047   0.146   0.339   0.629 1.001  4000
rho.ph[5,1]          0.700   0.178   0.258   0.607   0.740   0.830   0.934 1.002  2200
rho.ph[1,2]         -0.140   0.267  -0.617  -0.332  -0.156   0.048   0.398 1.001  4000
rho.ph[2,2]          1.000   0.000   1.000   1.000   1.000   1.000   1.000 1.000     1
rho.ph[3,2]          0.168   0.275  -0.381  -0.020   0.181   0.371   0.656 1.001  4000
rho.ph[4,2]          0.238   0.267  -0.320   0.057   0.264   0.433   0.692 1.001  4000
rho.ph[5,2]         -0.332   0.257  -0.741  -0.524  -0.365  -0.167   0.237 1.000  4000
rho.ph[1,3]          0.234   0.265  -0.318   0.054   0.256   0.429   0.685 1.001  4000
rho.ph[2,3]          0.168   0.275  -0.381  -0.020   0.181   0.371   0.656 1.001  4000
rho.ph[3,3]          1.000   0.000   1.000   1.000   1.000   1.000   1.000 1.000     1
rho.ph[4,3]          0.712   0.150   0.346   0.635   0.744   0.821   0.913 1.001  4000
rho.ph[5,3]          0.430   0.233  -0.102   0.292   0.461   0.605   0.795 1.002  2100
rho.ph[1,4]          0.139   0.273  -0.407  -0.047   0.146   0.339   0.629 1.001  4000
rho.ph[2,4]          0.238   0.267  -0.320   0.057   0.264   0.433   0.692 1.001  4000
rho.ph[3,4]          0.712   0.150   0.346   0.635   0.744   0.821   0.913 1.001  4000
rho.ph[4,4]          1.000   0.000   1.000   1.000   1.000   1.000   1.000 1.000     1
rho.ph[5,4]          0.276   0.258  -0.284   0.111   0.299   0.468   0.704 1.002  1900
rho.ph[1,5]          0.700   0.178   0.258   0.607   0.740   0.830   0.934 1.002  2200
rho.ph[2,5]         -0.332   0.257  -0.741  -0.524  -0.365  -0.167   0.237 1.000  4000
rho.ph[3,5]          0.430   0.233  -0.102   0.292   0.461   0.605   0.795 1.002  2100
rho.ph[4,5]          0.276   0.258  -0.284   0.111   0.299   0.468   0.704 1.002  1900
rho.ph[5,5]          1.000   0.000   1.000   1.000   1.000   1.000   1.000 1.000     1
sigmasq.cond         0.536   0.353   0.172   0.314   0.446   0.646   1.435 1.001  4000
sigmasq.fluor        0.543   0.356   0.175   0.313   0.446   0.658   1.499 1.001  4000
sigmasq.lftemp       1.249   1.144   0.269   0.587   0.934   1.539   3.879 1.003  1000
sigmasq.photo        0.721   0.302   0.351   0.514   0.656   0.851   1.469 1.001  4000
sigmasq.trans        1.191   0.827   0.334   0.663   0.984   1.475   3.366 1.001  4000
sigmasq.wue          6.385  17.686   0.281   0.787   1.742   4.985  42.661 1.001  4000
deviance           155.628  20.011 118.417 141.867 155.686 169.145 195.196 1.001  2700

For each parameter, n.eff is a crude measure of effective sample size,
and Rhat is the potential scale reduction factor (at convergence, Rhat=1).

DIC info (using the rule, pD = var(deviance)/2)
pD = 200.1 and DIC = 355.8
DIC is an estimate of expected predictive error (lower deviance is better).
