beta.par:             10 
max.r:                0.6 

Inference for Bugs model at "traits-environment.txt", fit using jags,
 5 chains, each with 25000 iterations (first 5000 discarded), n.thin = 25
 n.sims = 4000 iterations saved
                    mu.vect sd.vect     2.5%      25%      50%      75%    97.5%  Rhat n.eff
Sigma.resid[1,1]      0.902   0.039    0.827    0.875    0.901    0.927    0.982 1.002  1900
Sigma.resid[2,1]     -0.275   0.025   -0.324   -0.291   -0.274   -0.257   -0.226 1.001  4000
Sigma.resid[3,1]     -0.003   0.019   -0.041   -0.016   -0.003    0.010    0.035 1.001  4000
Sigma.resid[4,1]      0.031   0.037   -0.040    0.005    0.030    0.056    0.103 1.002  2300
Sigma.resid[5,1]     -0.109   0.036   -0.182   -0.133   -0.110   -0.085   -0.039 1.001  4000
Sigma.resid[1,2]     -0.275   0.025   -0.324   -0.291   -0.274   -0.257   -0.226 1.001  4000
Sigma.resid[2,2]      0.687   0.030    0.629    0.666    0.686    0.708    0.748 1.003  1200
Sigma.resid[3,2]     -0.073   0.017   -0.107   -0.085   -0.074   -0.062   -0.040 1.001  4000
Sigma.resid[4,2]     -0.076   0.032   -0.142   -0.098   -0.076   -0.054   -0.015 1.002  1500
Sigma.resid[5,2]      0.114   0.032    0.052    0.092    0.114    0.135    0.178 1.001  4000
Sigma.resid[1,3]     -0.003   0.019   -0.041   -0.016   -0.003    0.010    0.035 1.001  4000
Sigma.resid[2,3]     -0.073   0.017   -0.107   -0.085   -0.074   -0.062   -0.040 1.001  4000
Sigma.resid[3,3]      0.467   0.020    0.429    0.453    0.466    0.481    0.508 1.001  4000
Sigma.resid[4,3]      0.058   0.027    0.007    0.040    0.058    0.076    0.112 1.001  2700
Sigma.resid[5,3]      0.038   0.026   -0.011    0.021    0.038    0.056    0.092 1.001  4000
Sigma.resid[1,4]      0.031   0.037   -0.040    0.005    0.030    0.056    0.103 1.002  2300
Sigma.resid[2,4]     -0.076   0.032   -0.142   -0.098   -0.076   -0.054   -0.015 1.002  1500
Sigma.resid[3,4]      0.058   0.027    0.007    0.040    0.058    0.076    0.112 1.001  2700
Sigma.resid[4,4]      0.812   0.052    0.715    0.777    0.810    0.844    0.922 1.001  4000
Sigma.resid[5,4]      0.332   0.035    0.267    0.308    0.331    0.354    0.401 1.001  4000
Sigma.resid[1,5]     -0.109   0.036   -0.182   -0.133   -0.110   -0.085   -0.039 1.001  4000
Sigma.resid[2,5]      0.114   0.032    0.052    0.092    0.114    0.135    0.178 1.001  4000
Sigma.resid[3,5]      0.038   0.026   -0.011    0.021    0.038    0.056    0.092 1.001  4000
Sigma.resid[4,5]      0.332   0.035    0.267    0.308    0.331    0.354    0.401 1.001  4000
Sigma.resid[5,5]      0.803   0.050    0.709    0.769    0.802    0.835    0.908 1.000  4000
Sigma.species[1,1]    0.100   0.049    0.039    0.067    0.089    0.120    0.222 1.001  4000
Sigma.species[2,1]   -0.010   0.021   -0.053   -0.022   -0.010    0.003    0.032 1.001  3700
Sigma.species[3,1]   -0.024   0.029   -0.083   -0.041   -0.023   -0.006    0.033 1.002  2400
Sigma.species[4,1]    0.001   0.012   -0.023   -0.005    0.001    0.008    0.026 1.001  4000
Sigma.species[5,1]   -0.010   0.016   -0.043   -0.019   -0.009    0.000    0.020 1.001  4000
Sigma.species[1,2]   -0.010   0.021   -0.053   -0.022   -0.010    0.003    0.032 1.001  3700
Sigma.species[2,2]    0.275   0.114    0.131    0.198    0.250    0.323    0.563 1.001  4000
Sigma.species[3,2]   -0.051   0.046   -0.144   -0.079   -0.051   -0.023    0.039 1.001  3100
Sigma.species[4,2]   -0.005   0.019   -0.044   -0.016   -0.004    0.007    0.034 1.001  4000
Sigma.species[5,2]    0.015   0.026   -0.037    0.000    0.015    0.030    0.067 1.001  4000
Sigma.species[1,3]   -0.024   0.029   -0.083   -0.041   -0.023   -0.006    0.033 1.002  2400
Sigma.species[2,3]   -0.051   0.046   -0.144   -0.079   -0.051   -0.023    0.039 1.001  3100
Sigma.species[3,3]    0.551   0.224    0.266    0.397    0.500    0.652    1.099 1.001  3200
Sigma.species[4,3]   -0.011   0.027   -0.067   -0.027   -0.011    0.004    0.043 1.001  4000
Sigma.species[5,3]   -0.003   0.037   -0.077   -0.025   -0.003    0.019    0.072 1.001  4000
Sigma.species[1,4]    0.001   0.012   -0.023   -0.005    0.001    0.008    0.026 1.001  4000
Sigma.species[2,4]   -0.005   0.019   -0.044   -0.016   -0.004    0.007    0.034 1.001  4000
Sigma.species[3,4]   -0.011   0.027   -0.067   -0.027   -0.011    0.004    0.043 1.001  4000
Sigma.species[4,4]    0.084   0.049    0.023    0.051    0.072    0.104    0.208 1.001  4000
Sigma.species[5,4]    0.005   0.015   -0.023   -0.004    0.005    0.013    0.037 1.001  4000
Sigma.species[1,5]   -0.010   0.016   -0.043   -0.019   -0.009    0.000    0.020 1.001  4000
Sigma.species[2,5]    0.015   0.026   -0.037    0.000    0.015    0.030    0.067 1.001  4000
Sigma.species[3,5]   -0.003   0.037   -0.077   -0.025   -0.003    0.019    0.072 1.001  4000
Sigma.species[4,5]    0.005   0.015   -0.023   -0.004    0.005    0.013    0.037 1.001  4000
Sigma.species[5,5]    0.156   0.078    0.059    0.104    0.139    0.188    0.353 1.001  3500
beta.map[1]          -0.179   0.096   -0.370   -0.242   -0.179   -0.116    0.012 1.002  1800
beta.map[2]           0.270   0.144   -0.021    0.177    0.273    0.362    0.551 1.005   700
beta.map[3]          -0.185   0.209   -0.618   -0.313   -0.187   -0.051    0.219 1.007   600
beta.map[4]           0.217   0.094    0.034    0.158    0.216    0.277    0.408 1.001  3700
beta.map[5]           0.131   0.118   -0.108    0.055    0.134    0.208    0.363 1.001  4000
beta.mat[1]          -0.031   0.078   -0.188   -0.082   -0.031    0.020    0.122 1.001  2700
beta.mat[2]           0.098   0.121   -0.142    0.020    0.097    0.178    0.340 1.001  2700
beta.mat[3]           0.037   0.170   -0.305   -0.076    0.037    0.151    0.377 1.002  1600
beta.mat[4]           0.235   0.077    0.081    0.187    0.235    0.284    0.386 1.001  4000
beta.mat[5]           0.223   0.098    0.025    0.159    0.223    0.287    0.418 1.001  3200
beta.ratio[1]         0.218   0.086    0.048    0.163    0.217    0.275    0.387 1.002  2000
beta.ratio[2]        -0.098   0.131   -0.350   -0.179   -0.099   -0.015    0.160 1.005   790
beta.ratio[3]         0.030   0.175   -0.323   -0.083    0.032    0.146    0.371 1.003  1000
beta.ratio[4]        -0.263   0.081   -0.427   -0.315   -0.262   -0.209   -0.103 1.001  3200
beta.ratio[5]        -0.096   0.104   -0.303   -0.164   -0.096   -0.028    0.113 1.001  4000
rho.resid[1,1]        1.000   0.000    1.000    1.000    1.000    1.000    1.000 1.000     1
rho.resid[2,1]       -0.349   0.026   -0.398   -0.366   -0.349   -0.332   -0.299 1.000  4000
rho.resid[3,1]       -0.005   0.030   -0.063   -0.025   -0.005    0.016    0.053 1.001  4000
rho.resid[4,1]        0.036   0.043   -0.046    0.006    0.035    0.065    0.119 1.002  2500
rho.resid[5,1]       -0.129   0.041   -0.208   -0.157   -0.129   -0.101   -0.048 1.001  4000
rho.resid[1,2]       -0.349   0.026   -0.398   -0.366   -0.349   -0.332   -0.299 1.000  4000
rho.resid[2,2]        1.000   0.000    1.000    1.000    1.000    1.000    1.000 1.000     1
rho.resid[3,2]       -0.130   0.029   -0.186   -0.149   -0.130   -0.110   -0.072 1.001  4000
rho.resid[4,2]       -0.102   0.043   -0.185   -0.131   -0.102   -0.072   -0.020 1.002  1800
rho.resid[5,2]        0.153   0.041    0.071    0.125    0.154    0.181    0.231 1.000  4000
rho.resid[1,3]       -0.005   0.030   -0.063   -0.025   -0.005    0.016    0.053 1.001  4000
rho.resid[2,3]       -0.130   0.029   -0.186   -0.149   -0.130   -0.110   -0.072 1.001  4000
rho.resid[3,3]        1.000   0.000    1.000    1.000    1.000    1.000    1.000 1.000     1
rho.resid[4,3]        0.094   0.042    0.011    0.065    0.094    0.123    0.178 1.002  2300
rho.resid[5,3]        0.063   0.042   -0.018    0.034    0.062    0.092    0.148 1.001  4000
rho.resid[1,4]        0.036   0.043   -0.046    0.006    0.035    0.065    0.119 1.002  2500
rho.resid[2,4]       -0.102   0.043   -0.185   -0.131   -0.102   -0.072   -0.020 1.002  1800
rho.resid[3,4]        0.094   0.042    0.011    0.065    0.094    0.123    0.178 1.002  2300
rho.resid[4,4]        1.000   0.000    1.000    1.000    1.000    1.000    1.000 1.000     1
rho.resid[5,4]        0.411   0.033    0.342    0.389    0.412    0.433    0.471 1.001  4000
rho.resid[1,5]       -0.129   0.041   -0.208   -0.157   -0.129   -0.101   -0.048 1.001  4000
rho.resid[2,5]        0.153   0.041    0.071    0.125    0.154    0.181    0.231 1.000  4000
rho.resid[3,5]        0.063   0.042   -0.018    0.034    0.062    0.092    0.148 1.001  4000
rho.resid[4,5]        0.411   0.033    0.342    0.389    0.412    0.433    0.471 1.001  4000
rho.resid[5,5]        1.000   0.000    1.000    1.000    1.000    1.000    1.000 1.000     1
rho.species[1,1]      1.000   0.000    1.000    1.000    1.000    1.000    1.000 1.000     1
rho.species[2,1]     -0.062   0.123   -0.292   -0.147   -0.067    0.019    0.187 1.001  4000
rho.species[3,1]     -0.110   0.119   -0.330   -0.195   -0.112   -0.028    0.129 1.002  2100
rho.species[4,1]      0.017   0.125   -0.229   -0.069    0.019    0.102    0.256 1.001  3700
rho.species[5,1]     -0.085   0.120   -0.308   -0.171   -0.086   -0.003    0.154 1.001  4000
rho.species[1,2]     -0.062   0.123   -0.292   -0.147   -0.067    0.019    0.187 1.001  4000
rho.species[2,2]      1.000   0.000    1.000    1.000    1.000    1.000    1.000 1.000     1
rho.species[3,2]     -0.141   0.115   -0.349   -0.224   -0.148   -0.065    0.097 1.001  3000
rho.species[4,2]     -0.031   0.122   -0.266   -0.114   -0.033    0.054    0.209 1.001  3300
rho.species[5,2]      0.078   0.122   -0.177    0.000    0.081    0.163    0.308 1.001  4000
rho.species[1,3]     -0.110   0.119   -0.330   -0.195   -0.112   -0.028    0.129 1.002  2100
rho.species[2,3]     -0.141   0.115   -0.349   -0.224   -0.148   -0.065    0.097 1.001  3000
rho.species[3,3]      1.000   0.000    1.000    1.000    1.000    1.000    1.000 1.000     1
rho.species[4,3]     -0.057   0.121   -0.284   -0.140   -0.059    0.022    0.187 1.001  4000
rho.species[5,3]     -0.011   0.123   -0.250   -0.096   -0.009    0.075    0.225 1.001  4000
rho.species[1,4]      0.017   0.125   -0.229   -0.069    0.019    0.102    0.256 1.001  3700
rho.species[2,4]     -0.031   0.122   -0.266   -0.114   -0.033    0.054    0.209 1.001  3300
rho.species[3,4]     -0.057   0.121   -0.284   -0.140   -0.059    0.022    0.187 1.001  4000
rho.species[4,4]      1.000   0.000    1.000    1.000    1.000    1.000    1.000 1.000     1
rho.species[5,4]      0.047   0.124   -0.200   -0.039    0.049    0.132    0.280 1.001  4000
rho.species[1,5]     -0.085   0.120   -0.308   -0.171   -0.086   -0.003    0.154 1.001  4000
rho.species[2,5]      0.078   0.122   -0.177    0.000    0.081    0.163    0.308 1.001  4000
rho.species[3,5]     -0.011   0.123   -0.250   -0.096   -0.009    0.075    0.225 1.001  4000
rho.species[4,5]      0.047   0.124   -0.200   -0.039    0.049    0.132    0.280 1.001  4000
rho.species[5,5]      1.000   0.000    1.000    1.000    1.000    1.000    1.000 1.000     1
yr[1]                -0.292   0.058   -0.405   -0.331   -0.291   -0.254   -0.177 1.001  4000
yr[2]                 0.412   0.049    0.316    0.378    0.411    0.445    0.508 1.001  4000
yr[3]                 0.263   0.042    0.183    0.235    0.264    0.291    0.346 1.001  2700
yr[4]                 0.000   0.000    0.000    0.000    0.000    0.000    0.000 1.000     1
yr[5]                 0.000   0.000    0.000    0.000    0.000    0.000    0.000 1.000     1
deviance           2419.317  15.832 2390.340 2408.053 2418.458 2429.816 2452.640 1.001  4000

For each parameter, n.eff is a crude measure of effective sample size,
and Rhat is the potential scale reduction factor (at convergence, Rhat=1).

DIC info (using the rule, pD = var(deviance)/2)
pD = 125.4 and DIC = 2544.7
DIC is an estimate of expected predictive error (lower deviance is better).
