Path analysis results at Kleinmond 
 physiology-path-analysis-model-2.txt 

Inference for Bugs model at "physiology-path-analysis-model-2.txt", fit using jags,
 5 chains, each with 25000 iterations (first 5000 discarded), n.thin = 25
 n.sims = 4000 iterations saved
                     mu.vect sd.vect    2.5%     25%     50%     75%   97.5%  Rhat n.eff
beta.cond.lfarea       0.342   0.264  -0.186   0.174   0.346   0.517   0.860 1.001  4000
beta.cond.lftemp      -0.470   0.477  -1.434  -0.777  -0.466  -0.167   0.469 1.001  4000
beta.cond.lwr         -0.136   0.260  -0.646  -0.300  -0.140   0.038   0.369 1.002  2700
beta.cond.sdi          0.149   0.429  -0.716  -0.128   0.152   0.433   0.996 1.001  4000
beta.cond.sla          0.340   0.373  -0.398   0.102   0.343   0.572   1.072 1.001  3400
beta.cond.spi          0.009   0.242  -0.456  -0.144   0.005   0.166   0.488 1.001  4000
beta.cond.trans       -0.676   0.395  -1.464  -0.931  -0.668  -0.424   0.095 1.001  4000
beta.fluor.humid      -0.035   0.417  -0.881  -0.305  -0.023   0.240   0.749 1.002  2600
beta.fluor.lfarea     -0.136   0.216  -0.566  -0.277  -0.136   0.006   0.291 1.001  4000
beta.fluor.lwr         0.071   0.212  -0.338  -0.069   0.071   0.210   0.490 1.001  4000
beta.fluor.sdi         0.393   0.357  -0.327   0.161   0.397   0.632   1.089 1.001  4000
beta.fluor.sla         0.019   0.296  -0.576  -0.163   0.019   0.210   0.597 1.001  4000
beta.fluor.spi         0.161   0.198  -0.239   0.036   0.161   0.288   0.546 1.001  3500
beta.fluor.temp       -0.225   0.344  -0.907  -0.454  -0.230  -0.004   0.468 1.001  2900
beta.lftemp.humid      0.042   0.513  -1.015  -0.287   0.061   0.374   1.009 1.001  3000
beta.lftemp.lfarea    -0.137   0.277  -0.681  -0.318  -0.139   0.040   0.412 1.001  2800
beta.lftemp.lwr       -0.216   0.265  -0.747  -0.387  -0.213  -0.044   0.312 1.001  4000
beta.lftemp.sdi        0.367   0.469  -0.555   0.060   0.363   0.673   1.280 1.001  4000
beta.lftemp.sla       -0.302   0.384  -1.098  -0.554  -0.295  -0.061   0.459 1.001  4000
beta.lftemp.spi       -0.086   0.249  -0.573  -0.250  -0.089   0.080   0.404 1.001  2800
beta.lftemp.temp       0.306   0.487  -0.795   0.038   0.334   0.630   1.167 1.004  1600
beta.photo.cond        0.868   0.239   0.400   0.708   0.869   1.024   1.351 1.001  3000
beta.photo.fluor      -0.217   0.302  -0.802  -0.411  -0.220  -0.024   0.376 1.001  4000
beta.photo.humid      -0.355   0.190  -0.736  -0.478  -0.355  -0.229   0.021 1.002  2600
beta.photo.lftemp     -0.106   0.202  -0.512  -0.233  -0.106   0.024   0.299 1.001  4000
beta.trans.humid      -0.774   0.640  -1.956  -1.195  -0.798  -0.387   0.570 1.002  1500
beta.trans.lfarea      0.335   0.299  -0.276   0.138   0.335   0.536   0.920 1.002  2500
beta.trans.lwr        -0.115   0.307  -0.721  -0.315  -0.119   0.086   0.503 1.001  4000
beta.trans.sdi        -0.229   0.511  -1.223  -0.576  -0.232   0.103   0.788 1.001  3300
beta.trans.sla         0.468   0.418  -0.340   0.188   0.462   0.739   1.306 1.001  4000
beta.trans.spi        -0.050   0.279  -0.611  -0.228  -0.049   0.134   0.487 1.001  4000
beta.trans.temp       -0.491   0.540  -1.616  -0.810  -0.480  -0.152   0.529 1.001  3400
mu.lf[1]              -0.557   0.167  -0.889  -0.667  -0.556  -0.450  -0.217 1.001  3600
mu.lf[2]               0.749   0.205   0.345   0.619   0.748   0.882   1.152 1.001  3700
mu.lf[3]               0.742   0.184   0.381   0.622   0.744   0.861   1.106 1.001  4000
mu.lf[4]               0.396   0.230  -0.044   0.244   0.394   0.543   0.863 1.001  4000
mu.lf[5]              -0.818   0.105  -1.017  -0.884  -0.819  -0.752  -0.601 1.000  4000
mu.ph[1,1]            -0.849   0.548  -1.923  -1.201  -0.855  -0.498   0.237 1.002  1500
mu.ph[2,1]             0.000   0.571  -1.118  -0.352  -0.010   0.357   1.146 1.001  4000
mu.ph[3,1]            -0.221   0.561  -1.361  -0.581  -0.210   0.152   0.866 1.001  4000
mu.ph[4,1]            -0.268   0.551  -1.363  -0.623  -0.266   0.080   0.839 1.001  3300
mu.ph[5,1]             0.453   0.475  -0.485   0.146   0.453   0.773   1.362 1.002  1500
mu.ph[6,1]             0.190   0.482  -0.756  -0.129   0.193   0.504   1.152 1.003  1200
mu.ph[7,1]             0.279   0.637  -0.965  -0.135   0.264   0.682   1.544 1.001  3000
mu.ph[8,1]            -0.106   0.491  -1.099  -0.420  -0.104   0.220   0.832 1.001  2800
mu.ph[9,1]            -0.292   0.457  -1.181  -0.590  -0.297   0.005   0.623 1.001  3800
mu.ph[10,1]            0.426   0.525  -0.583   0.093   0.418   0.764   1.463 1.001  4000
mu.ph[11,1]            0.459   0.450  -0.408   0.167   0.453   0.746   1.349 1.000  4000
mu.ph[12,1]            0.512   0.529  -0.537   0.182   0.521   0.856   1.506 1.002  1900
mu.ph[13,1]            0.932   0.520  -0.088   0.582   0.936   1.275   1.929 1.001  2700
mu.ph[14,1]           -1.041   0.506  -2.044  -1.365  -1.038  -0.710  -0.031 1.001  4000
mu.ph[15,1]           -1.395   0.539  -2.476  -1.742  -1.385  -1.057  -0.346 1.002  2100
mu.ph[16,1]           -1.641   0.508  -2.624  -1.978  -1.649  -1.319  -0.596 1.001  3800
mu.ph[17,1]           -2.044   0.539  -3.108  -2.395  -2.062  -1.681  -0.976 1.003  1400
mu.ph[18,1]           -0.071   0.608  -1.285  -0.460  -0.062   0.329   1.069 1.001  4000
mu.ph[19,1]           -0.707   0.553  -1.807  -1.062  -0.711  -0.342   0.389 1.000  4000
mu.ph[20,1]           -0.965   0.471  -1.881  -1.279  -0.971  -0.650  -0.049 1.001  4000
mu.ph[21,1]           -0.803   0.607  -1.987  -1.203  -0.812  -0.422   0.440 1.002  1800
mu.ph[1,2]             0.287   0.427  -0.559   0.015   0.288   0.568   1.120 1.001  2900
mu.ph[2,2]             0.102   0.446  -0.778  -0.183   0.102   0.385   0.982 1.001  4000
mu.ph[3,2]            -0.922   0.449  -1.785  -1.221  -0.924  -0.629  -0.032 1.002  2400
mu.ph[4,2]            -0.760   0.436  -1.622  -1.040  -0.752  -0.477   0.102 1.001  4000
mu.ph[5,2]            -0.875   0.368  -1.606  -1.113  -0.874  -0.643  -0.135 1.001  4000
mu.ph[6,2]            -0.337   0.391  -1.097  -0.591  -0.339  -0.080   0.422 1.001  4000
mu.ph[7,2]            -1.015   0.492  -1.984  -1.343  -1.016  -0.697  -0.041 1.001  4000
mu.ph[8,2]             0.197   0.376  -0.547  -0.047   0.201   0.440   0.919 1.001  2700
mu.ph[9,2]             0.181   0.358  -0.542  -0.051   0.180   0.412   0.878 1.001  4000
mu.ph[10,2]           -0.420   0.411  -1.244  -0.686  -0.419  -0.159   0.404 1.001  4000
mu.ph[11,2]           -0.390   0.355  -1.107  -0.619  -0.390  -0.161   0.301 1.001  4000
mu.ph[12,2]           -0.706   0.407  -1.505  -0.976  -0.716  -0.440   0.144 1.001  4000
mu.ph[13,2]           -0.726   0.399  -1.514  -0.989  -0.730  -0.464   0.083 1.001  2800
mu.ph[14,2]            0.811   0.397  -0.001   0.564   0.816   1.069   1.579 1.002  1900
mu.ph[15,2]            0.750   0.424  -0.101   0.472   0.753   1.037   1.579 1.002  2400
mu.ph[16,2]            0.049   0.394  -0.721  -0.213   0.047   0.297   0.846 1.001  4000
mu.ph[17,2]           -0.190   0.416  -1.015  -0.460  -0.193   0.082   0.630 1.001  4000
mu.ph[18,2]            0.590   0.484  -0.370   0.285   0.585   0.901   1.554 1.000  4000
mu.ph[19,2]            0.048   0.442  -0.821  -0.238   0.047   0.332   0.927 1.001  4000
mu.ph[20,2]           -0.157   0.377  -0.892  -0.406  -0.146   0.086   0.566 1.002  2600
mu.ph[21,2]           -0.634   0.490  -1.613  -0.934  -0.639  -0.328   0.366 1.001  3500
mu.ph[1,3]            -0.471   0.592  -1.589  -0.865  -0.488  -0.102   0.785 1.001  4000
mu.ph[2,3]            -1.223   0.627  -2.391  -1.639  -1.236  -0.837   0.055 1.001  2700
mu.ph[3,3]             0.434   0.632  -0.876   0.042   0.444   0.840   1.675 1.001  4000
mu.ph[4,3]             0.270   0.588  -0.902  -0.105   0.257   0.640   1.486 1.001  4000
mu.ph[5,3]            -0.454   0.509  -1.444  -0.797  -0.461  -0.125   0.528 1.001  4000
mu.ph[6,3]            -0.952   0.540  -1.985  -1.305  -0.966  -0.605   0.123 1.001  4000
mu.ph[7,3]            -0.430   0.678  -1.717  -0.871  -0.459   0.001   0.974 1.001  4000
mu.ph[8,3]             1.990   0.529   0.883   1.659   2.010   2.335   2.995 1.001  3600
mu.ph[9,3]             1.780   0.533   0.657   1.444   1.800   2.136   2.774 1.001  4000
mu.ph[10,3]            0.468   0.556  -0.661   0.121   0.476   0.825   1.536 1.001  4000
mu.ph[11,3]            0.535   0.494  -0.464   0.216   0.535   0.857   1.482 1.001  4000
mu.ph[12,3]            1.088   0.555  -0.040   0.727   1.098   1.457   2.161 1.001  2900
mu.ph[13,3]            0.303   0.552  -0.820  -0.041   0.316   0.666   1.368 1.002  2500
mu.ph[14,3]           -0.726   0.542  -1.863  -1.070  -0.723  -0.360   0.320 1.000  4000
mu.ph[15,3]           -0.542   0.563  -1.668  -0.892  -0.532  -0.190   0.562 1.001  4000
mu.ph[16,3]           -0.856   0.606  -2.001  -1.269  -0.871  -0.470   0.417 1.002  2600
mu.ph[17,3]           -0.976   0.574  -2.062  -1.360  -0.989  -0.625   0.190 1.001  4000
mu.ph[18,3]            1.020   0.655  -0.325   0.597   1.039   1.451   2.273 1.001  3800
mu.ph[19,3]            1.443   0.593   0.239   1.063   1.434   1.843   2.603 1.000  4000
mu.ph[20,3]            1.268   0.527   0.247   0.936   1.256   1.607   2.310 1.001  3100
mu.ph[21,3]            1.078   0.661  -0.220   0.662   1.071   1.506   2.388 1.001  3900
mu.photo[1]            0.080   0.421  -0.762  -0.188   0.084   0.356   0.914 1.001  3400
mu.photo[2]           -1.377   0.527  -2.403  -1.725  -1.373  -1.044  -0.322 1.001  3200
mu.photo[3]            0.785   0.536  -0.264   0.441   0.794   1.135   1.837 1.001  3200
mu.photo[4]           -0.226   0.319  -0.850  -0.434  -0.223  -0.018   0.403 1.001  4000
mu.photo[5]           -0.623   0.248  -1.102  -0.785  -0.621  -0.465  -0.140 1.001  4000
mu.photo[6]           -1.096   0.364  -1.805  -1.331  -1.097  -0.867  -0.372 1.001  4000
mu.photo[7]           -1.007   0.361  -1.718  -1.244  -1.004  -0.773  -0.310 1.001  4000
mu.photo[8]            0.926   0.364   0.202   0.700   0.926   1.163   1.633 1.002  2300
mu.photo[9]            0.863   0.410   0.036   0.602   0.863   1.126   1.678 1.002  2600
mu.photo[10]          -0.472   0.240  -0.939  -0.631  -0.474  -0.322   0.004 1.001  4000
mu.photo[11]          -0.324   0.289  -0.897  -0.509  -0.326  -0.142   0.270 1.001  3600
mu.photo[12]          -0.269   0.288  -0.850  -0.452  -0.277  -0.083   0.309 1.001  4000
mu.photo[13]          -0.454   0.450  -1.335  -0.738  -0.461  -0.165   0.466 1.001  4000
mu.photo[14]          -0.058   0.584  -1.222  -0.441  -0.055   0.334   1.069 1.001  3400
mu.photo[15]          -1.184   0.530  -2.223  -1.530  -1.176  -0.828  -0.167 1.001  2800
mu.photo[16]           0.063   0.341  -0.608  -0.161   0.065   0.283   0.723 1.001  3000
mu.photo[17]          -0.177   0.625  -1.434  -0.577  -0.171   0.235   1.061 1.001  4000
mu.photo[18]           0.555   0.328  -0.098   0.345   0.560   0.763   1.200 1.002  2300
mu.photo[19]           1.069   0.384   0.310   0.829   1.069   1.316   1.830 1.002  2400
mu.photo[20]           0.210   0.241  -0.276   0.055   0.209   0.369   0.685 1.001  3500
mu.photo[21]           0.384   0.347  -0.275   0.150   0.382   0.608   1.092 1.001  4000
phx.lf[1,1]            0.570   0.184   0.316   0.438   0.535   0.664   1.033 1.001  4000
phx.lf[2,1]           -0.092   0.155  -0.417  -0.179  -0.088   0.002   0.204 1.002  2200
phx.lf[3,1]            0.098   0.148  -0.177   0.007   0.089   0.176   0.428 1.001  4000
phx.lf[4,1]            0.199   0.182  -0.115   0.084   0.186   0.299   0.624 1.002  2100
phx.lf[5,1]            0.160   0.088   0.027   0.102   0.149   0.206   0.374 1.002  1700
phx.lf[1,2]           -0.092   0.155  -0.417  -0.179  -0.088   0.002   0.204 1.002  2200
phx.lf[2,2]            0.881   0.277   0.486   0.685   0.834   1.019   1.545 1.002  2000
phx.lf[3,2]            0.010   0.172  -0.336  -0.093   0.006   0.111   0.373 1.001  4000
phx.lf[4,2]            0.128   0.228  -0.307  -0.007   0.117   0.253   0.613 1.001  4000
phx.lf[5,2]            0.072   0.100  -0.107   0.009   0.065   0.127   0.291 1.001  3600
phx.lf[1,3]            0.098   0.148  -0.177   0.007   0.089   0.176   0.428 1.001  4000
phx.lf[2,3]            0.010   0.172  -0.336  -0.093   0.006   0.111   0.373 1.001  4000
phx.lf[3,3]            0.704   0.232   0.385   0.542   0.657   0.814   1.280 1.001  2800
phx.lf[4,3]           -0.112   0.206  -0.552  -0.223  -0.100   0.010   0.281 1.001  3900
phx.lf[5,3]            0.035   0.088  -0.133  -0.017   0.033   0.086   0.214 1.001  4000
phx.lf[1,4]            0.199   0.182  -0.115   0.084   0.186   0.299   0.624 1.002  2100
phx.lf[2,4]            0.128   0.228  -0.307  -0.007   0.117   0.253   0.613 1.001  4000
phx.lf[3,4]           -0.112   0.206  -0.552  -0.223  -0.100   0.010   0.281 1.001  3900
phx.lf[4,4]            1.114   0.368   0.593   0.862   1.048   1.285   2.032 1.001  4000
phx.lf[5,4]            0.174   0.117  -0.010   0.099   0.160   0.231   0.451 1.001  4000
phx.lf[1,5]            0.160   0.088   0.027   0.102   0.149   0.206   0.374 1.002  1700
phx.lf[2,5]            0.072   0.100  -0.107   0.009   0.065   0.127   0.291 1.001  3600
phx.lf[3,5]            0.035   0.088  -0.133  -0.017   0.033   0.086   0.214 1.001  4000
phx.lf[4,5]            0.174   0.117  -0.010   0.099   0.160   0.231   0.451 1.001  4000
phx.lf[5,5]            0.213   0.071   0.117   0.165   0.199   0.246   0.380 1.002  2500
phx.ph[1,1]            0.515   0.252   0.201   0.346   0.457   0.616   1.162 1.002  1600
phx.ph[2,1]           -0.026   0.131  -0.297  -0.092  -0.022   0.042   0.231 1.001  3100
phx.ph[3,1]            0.079   0.200  -0.265  -0.037   0.059   0.167   0.536 1.001  4000
phx.ph[1,2]           -0.026   0.131  -0.297  -0.092  -0.022   0.042   0.231 1.001  3100
phx.ph[2,2]            0.312   0.144   0.135   0.214   0.280   0.373   0.684 1.001  4000
phx.ph[3,2]            0.110   0.150  -0.137   0.027   0.095   0.176   0.456 1.003  4000
phx.ph[1,3]            0.079   0.200  -0.265  -0.037   0.059   0.167   0.536 1.001  4000
phx.ph[2,3]            0.110   0.150  -0.137   0.027   0.095   0.176   0.456 1.003  4000
phx.ph[3,3]            0.570   0.329   0.223   0.362   0.491   0.681   1.395 1.001  4000
rho.lf[1,1]            1.000   0.000   1.000   1.000   1.000   1.000   1.000 1.000     1
rho.lf[2,1]           -0.129   0.196  -0.498  -0.269  -0.135   0.002   0.279 1.002  1700
rho.lf[3,1]            0.150   0.202  -0.264   0.011   0.160   0.292   0.535 1.001  4000
rho.lf[4,1]            0.246   0.191  -0.143   0.123   0.254   0.385   0.591 1.002  2000
rho.lf[5,1]            0.453   0.166   0.094   0.346   0.470   0.575   0.731 1.002  2000
rho.lf[1,2]           -0.129   0.196  -0.498  -0.269  -0.135   0.002   0.279 1.002  1700
rho.lf[2,2]            1.000   0.000   1.000   1.000   1.000   1.000   1.000 1.000     1
rho.lf[3,2]            0.012   0.202  -0.382  -0.128   0.009   0.153   0.398 1.001  4000
rho.lf[4,2]            0.126   0.204  -0.289  -0.008   0.131   0.270   0.512 1.001  4000
rho.lf[5,2]            0.162   0.199  -0.234   0.023   0.165   0.303   0.530 1.001  3600
rho.lf[1,3]            0.150   0.202  -0.264   0.011   0.160   0.292   0.535 1.001  4000
rho.lf[2,3]            0.012   0.202  -0.382  -0.128   0.009   0.153   0.398 1.001  4000
rho.lf[3,3]            1.000   0.000   1.000   1.000   1.000   1.000   1.000 1.000     1
rho.lf[4,3]           -0.124   0.202  -0.502  -0.271  -0.125   0.013   0.283 1.001  4000
rho.lf[5,3]            0.090   0.203  -0.315  -0.046   0.095   0.234   0.462 1.001  4000
rho.lf[1,4]            0.246   0.191  -0.143   0.123   0.254   0.385   0.591 1.002  2000
rho.lf[2,4]            0.126   0.204  -0.289  -0.008   0.131   0.270   0.512 1.001  4000
rho.lf[3,4]           -0.124   0.202  -0.502  -0.271  -0.125   0.013   0.283 1.001  4000
rho.lf[4,4]            1.000   0.000   1.000   1.000   1.000   1.000   1.000 1.000     1
rho.lf[5,4]            0.353   0.178  -0.023   0.238   0.365   0.481   0.664 1.001  4000
rho.lf[1,5]            0.453   0.166   0.094   0.346   0.470   0.575   0.731 1.002  2000
rho.lf[2,5]            0.162   0.199  -0.234   0.023   0.165   0.303   0.530 1.001  3600
rho.lf[3,5]            0.090   0.203  -0.315  -0.046   0.095   0.234   0.462 1.001  4000
rho.lf[4,5]            0.353   0.178  -0.023   0.238   0.365   0.481   0.664 1.001  4000
rho.lf[5,5]            1.000   0.000   1.000   1.000   1.000   1.000   1.000 1.000     1
rho.ph[1,1]            1.000   0.000   1.000   1.000   1.000   1.000   1.000 1.000     1
rho.ph[2,1]           -0.067   0.275  -0.592  -0.265  -0.066   0.123   0.480 1.001  4000
rho.ph[3,1]            0.124   0.295  -0.460  -0.089   0.140   0.341   0.641 1.001  4000
rho.ph[1,2]           -0.067   0.275  -0.592  -0.265  -0.066   0.123   0.480 1.001  4000
rho.ph[2,2]            1.000   0.000   1.000   1.000   1.000   1.000   1.000 1.000     1
rho.ph[3,2]            0.260   0.270  -0.313   0.081   0.282   0.461   0.719 1.001  3100
rho.ph[1,3]            0.124   0.295  -0.460  -0.089   0.140   0.341   0.641 1.001  4000
rho.ph[2,3]            0.260   0.270  -0.313   0.081   0.282   0.461   0.719 1.001  3100
rho.ph[3,3]            1.000   0.000   1.000   1.000   1.000   1.000   1.000 1.000     1
sigmasq.cond           0.505   0.245   0.216   0.340   0.450   0.607   1.122 1.002  2400
sigmasq.indiv.cond     0.681   0.463   0.198   0.380   0.563   0.827   1.929 1.001  4000
sigmasq.indiv.fluor    0.576   0.389   0.186   0.325   0.477   0.716   1.524 1.002  1900
sigmasq.indiv.lftemp   0.872   0.820   0.223   0.417   0.635   1.015   2.963 1.002  1400
sigmasq.indiv.trans    1.601   1.191   0.364   0.852   1.270   1.985   4.747 1.001  4000
sigmasq.photo          0.688   0.260   0.347   0.508   0.631   0.807   1.332 1.001  3000
deviance             138.073  17.442 105.985 125.808 137.550 149.834 173.635 1.001  3200

For each parameter, n.eff is a crude measure of effective sample size,
and Rhat is the potential scale reduction factor (at convergence, Rhat=1).

DIC info (using the rule, pD = var(deviance)/2)
pD = 152.1 and DIC = 290.1
DIC is an estimate of expected predictive error (lower deviance is better).
