Path analysis results at De Hoop 

Inference for Bugs model at "physiology-path-analysis-with-wue.txt", fit using jags,
 5 chains, each with 25000 iterations (first 5000 discarded), n.thin = 25
 n.sims = 4000 iterations saved
                   mu.vect sd.vect   2.5%    25%    50%    75%   97.5%  Rhat n.eff
beta.cond.humid      0.431   0.284 -0.110  0.238  0.431  0.619   0.993 1.001  3400
beta.cond.lfarea     0.439   0.238 -0.031  0.281  0.431  0.598   0.921 1.001  3400
beta.cond.lwr       -0.489   0.252 -0.989 -0.657 -0.487 -0.320  -0.002 1.001  4000
beta.cond.sdi        0.286   0.151 -0.019  0.187  0.285  0.384   0.580 1.001  4000
beta.cond.sla       -0.145   0.175 -0.493 -0.260 -0.147 -0.032   0.194 1.002  2100
beta.cond.spi        0.567   0.183  0.207  0.453  0.565  0.683   0.943 1.001  4000
beta.cond.temp      -0.891   0.214 -1.307 -1.032 -0.896 -0.752  -0.463 1.001  3500
beta.fluor.humid    -1.052   0.387 -1.806 -1.313 -1.051 -0.796  -0.287 1.003  1400
beta.fluor.lfarea   -0.358   0.348 -1.068 -0.582 -0.355 -0.131   0.329 1.001  4000
beta.fluor.lwr       0.606   0.363 -0.089  0.375  0.597  0.835   1.351 1.001  4000
beta.fluor.sdi       0.532   0.227  0.083  0.379  0.530  0.682   0.988 1.001  4000
beta.fluor.sla      -0.219   0.258 -0.713 -0.390 -0.223 -0.049   0.306 1.001  3500
beta.fluor.spi      -0.250   0.260 -0.776 -0.417 -0.245 -0.079   0.259 1.001  3600
beta.fluor.temp     -0.385   0.290 -0.959 -0.577 -0.379 -0.191   0.175 1.002  1600
beta.lftemp.humid   -0.870   0.367 -1.618 -1.114 -0.868 -0.622  -0.140 1.004   890
beta.lftemp.lfarea  -0.148   0.252 -0.659 -0.314 -0.139  0.019   0.326 1.001  4000
beta.lftemp.lwr      0.442   0.283 -0.102  0.257  0.434  0.625   1.026 1.000  4000
beta.lftemp.sdi      0.144   0.158 -0.168  0.038  0.145  0.245   0.462 1.002  2200
beta.lftemp.sla      0.394   0.195  0.005  0.266  0.398  0.519   0.768 1.002  2300
beta.lftemp.spi     -0.621   0.201 -1.033 -0.750 -0.618 -0.489  -0.237 1.002  2000
beta.lftemp.temp     0.222   0.276 -0.353  0.049  0.233  0.401   0.739 1.003  1100
beta.photo.cond      0.465   0.322 -0.163  0.248  0.457  0.679   1.102 1.002  2100
beta.photo.fluor     0.283   0.139  0.000  0.196  0.286  0.370   0.556 1.002  2400
beta.photo.humid     0.152   0.222 -0.282  0.007  0.148  0.295   0.590 1.002  1500
beta.photo.lftemp   -0.105   0.241 -0.567 -0.266 -0.106  0.051   0.380 1.001  2800
beta.photo.temp     -0.362   0.293 -0.930 -0.559 -0.360 -0.165   0.203 1.002  2100
beta.photo.trans     0.139   0.313 -0.491 -0.066  0.140  0.344   0.751 1.002  2400
beta.photo.wue      -0.015   0.046 -0.104 -0.044 -0.015  0.014   0.075 1.001  2900
beta.trans.humid     0.046   0.276 -0.500 -0.134  0.046  0.230   0.597 1.003  1100
beta.trans.lfarea    0.312   0.243 -0.160  0.155  0.308  0.473   0.782 1.002  2300
beta.trans.lwr      -0.050   0.262 -0.576 -0.222 -0.044  0.124   0.443 1.001  4000
beta.trans.sdi       0.395   0.153  0.087  0.296  0.398  0.496   0.704 1.001  4000
beta.trans.sla       0.087   0.180 -0.271 -0.029  0.087  0.203   0.450 1.002  2400
beta.trans.spi       0.377   0.182  0.015  0.258  0.378  0.495   0.738 1.001  4000
beta.trans.temp     -0.128   0.208 -0.537 -0.268 -0.130  0.011   0.289 1.003  1100
beta.wue.humid       0.847   1.055 -1.260  0.151  0.860  1.564   2.843 1.001  2700
beta.wue.lfarea      0.265   1.150 -2.072 -0.503  0.304  1.079   2.377 1.001  3500
beta.wue.lwr        -1.610   0.976 -3.510 -2.244 -1.622 -0.971   0.385 1.002  1900
beta.wue.sdi         0.193   0.652 -1.051 -0.241  0.183  0.605   1.464 1.000  4000
beta.wue.sla        -0.274   0.764 -1.775 -0.780 -0.279  0.224   1.242 1.001  4000
beta.wue.spi         0.405   0.761 -1.170 -0.076  0.406  0.901   1.878 1.002  2600
beta.wue.temp        0.764   0.787 -0.779  0.256  0.750  1.273   2.322 1.001  4000
mu.lf[1]             0.450   0.187  0.086  0.325  0.448  0.572   0.818 1.001  4000
mu.lf[2]            -0.608   0.111 -0.825 -0.680 -0.608 -0.536  -0.390 1.001  3900
mu.lf[3]            -0.603   0.135 -0.872 -0.690 -0.603 -0.516  -0.336 1.000  4000
mu.lf[4]            -0.322   0.169 -0.656 -0.430 -0.324 -0.213   0.019 1.002  2100
mu.lf[5]             0.661   0.164  0.329  0.552  0.660  0.769   0.987 1.000  4000
mu.ph[1,1]           1.256   0.388  0.486  1.004  1.250  1.505   2.053 1.002  2600
mu.ph[2,1]           0.623   0.397 -0.158  0.357  0.624  0.870   1.408 1.001  4000
mu.ph[3,1]          -0.539   0.324 -1.175 -0.750 -0.544 -0.330   0.124 1.001  4000
mu.ph[4,1]          -0.997   0.319 -1.625 -1.197 -0.998 -0.792  -0.358 1.000  4000
mu.ph[5,1]          -0.412   0.370 -1.137 -0.657 -0.416 -0.173   0.330 1.002  1700
mu.ph[6,1]          -1.226   0.366 -1.942 -1.460 -1.221 -0.994  -0.514 1.002  1800
mu.ph[7,1]           0.808   0.273  0.231  0.639  0.823  0.990   1.314 1.002  1400
mu.ph[8,1]           0.606   0.291  0.012  0.421  0.623  0.805   1.150 1.003  1300
mu.ph[9,1]          -0.184   0.255 -0.681 -0.350 -0.194 -0.013   0.331 1.002  2100
mu.ph[10,1]         -0.205   0.285 -0.756 -0.393 -0.206 -0.022   0.362 1.002  2200
mu.ph[11,1]          1.293   0.385  0.522  1.046  1.287  1.548   2.043 1.001  4000
mu.ph[12,1]          1.468   0.423  0.598  1.202  1.478  1.758   2.247 1.001  2700
mu.ph[13,1]         -0.991   0.382 -1.715 -1.247 -0.998 -0.752  -0.187 1.002  1500
mu.ph[14,1]         -0.803   0.319 -1.409 -1.013 -0.817 -0.603  -0.144 1.002  1500
mu.ph[15,1]          0.147   0.360 -0.565 -0.079  0.138  0.374   0.897 1.001  2700
mu.ph[16,1]          0.327   0.345 -0.338  0.099  0.322  0.535   1.030 1.001  3000
mu.ph[17,1]         -0.634   0.362 -1.325 -0.864 -0.645 -0.408   0.102 1.001  4000
mu.ph[18,1]         -1.149   0.348 -1.827 -1.372 -1.145 -0.917  -0.468 1.000  4000
mu.ph[19,1]          0.988   0.404  0.159  0.733  0.996  1.260   1.737 1.001  4000
mu.ph[20,1]          1.188   0.375  0.402  0.952  1.199  1.440   1.908 1.001  4000
mu.ph[21,1]          0.181   0.377 -0.595 -0.062  0.187  0.440   0.891 1.001  4000
mu.ph[22,1]          0.935   0.352  0.225  0.712  0.940  1.167   1.618 1.001  4000
mu.ph[23,1]          0.610   0.351 -0.099  0.390  0.610  0.833   1.315 1.001  4000
mu.ph[24,1]          1.090   0.351  0.398  0.865  1.089  1.313   1.771 1.001  4000
mu.ph[25,1]          0.293   0.342 -0.411  0.074  0.305  0.515   0.948 1.002  2000
mu.ph[26,1]          0.716   0.342  0.001  0.504  0.734  0.938   1.368 1.002  1700
mu.ph[1,2]           1.583   0.528  0.532  1.232  1.593  1.924   2.647 1.001  4000
mu.ph[2,2]           0.216   0.568 -0.943 -0.143  0.228  0.587   1.325 1.000  4000
mu.ph[3,2]           0.687   0.446 -0.180  0.390  0.683  0.978   1.585 1.001  4000
mu.ph[4,2]           0.524   0.443 -0.379  0.236  0.527  0.815   1.402 1.001  4000
mu.ph[5,2]          -0.442   0.493 -1.381 -0.769 -0.448 -0.114   0.566 1.001  4000
mu.ph[6,2]          -0.967   0.507 -1.945 -1.304 -0.961 -0.630   0.041 1.002  2200
mu.ph[7,2]           1.404   0.361  0.659  1.172  1.422  1.646   2.077 1.002  1600
mu.ph[8,2]           1.197   0.368  0.409  0.960  1.205  1.435   1.904 1.002  1800
mu.ph[9,2]           0.426   0.359 -0.306  0.193  0.431  0.668   1.110 1.001  4000
mu.ph[10,2]          0.267   0.395 -0.566  0.013  0.278  0.537   1.016 1.001  4000
mu.ph[11,2]          2.066   0.542  0.989  1.713  2.075  2.410   3.142 1.001  4000
mu.ph[12,2]          0.884   0.574 -0.239  0.512  0.880  1.259   2.031 1.001  4000
mu.ph[13,2]          1.050   0.516  0.049  0.716  1.053  1.372   2.062 1.002  1600
mu.ph[14,2]          0.229   0.428 -0.621 -0.047  0.232  0.511   1.069 1.002  1800
mu.ph[15,2]         -0.531   0.510 -1.520 -0.871 -0.534 -0.192   0.501 1.001  2900
mu.ph[16,2]         -1.179   0.491 -2.121 -1.505 -1.188 -0.865  -0.176 1.001  4000
mu.ph[17,2]         -1.347   0.503 -2.326 -1.679 -1.359 -1.026  -0.335 1.001  4000
mu.ph[18,2]         -1.783   0.506 -2.774 -2.109 -1.795 -1.452  -0.760 1.001  4000
mu.ph[19,2]         -0.389   0.544 -1.459 -0.754 -0.396 -0.039   0.692 1.001  3600
mu.ph[20,2]         -1.284   0.511 -2.306 -1.608 -1.280 -0.965  -0.278 1.003  1300
mu.ph[21,2]          0.282   0.479 -0.703 -0.022  0.289  0.582   1.220 1.001  4000
mu.ph[22,2]          1.207   0.487  0.224  0.907  1.215  1.520   2.196 1.001  4000
mu.ph[23,2]         -0.933   0.495 -1.933 -1.258 -0.928 -0.599   0.039 1.001  4000
mu.ph[24,2]         -0.070   0.502 -1.055 -0.403 -0.068  0.260   0.920 1.001  2700
mu.ph[25,2]          0.088   0.462 -0.829 -0.219  0.087  0.380   1.013 1.001  3300
mu.ph[26,2]         -0.457   0.470 -1.385 -0.758 -0.464 -0.160   0.488 1.001  3700
mu.ph[1,3]           0.619   0.364 -0.101  0.387  0.621  0.851   1.341 1.001  4000
mu.ph[2,3]           0.382   0.392 -0.399  0.129  0.386  0.644   1.142 1.001  3200
mu.ph[3,3]           0.472   0.305 -0.146  0.277  0.478  0.675   1.059 1.001  4000
mu.ph[4,3]           0.645   0.296  0.040  0.455  0.651  0.839   1.206 1.001  4000
mu.ph[5,3]          -0.327   0.342 -1.003 -0.551 -0.329 -0.111   0.333 1.001  4000
mu.ph[6,3]          -0.355   0.344 -1.038 -0.575 -0.355 -0.133   0.332 1.001  3000
mu.ph[7,3]          -0.390   0.245 -0.872 -0.554 -0.388 -0.229   0.088 1.002  1700
mu.ph[8,3]          -0.001   0.256 -0.507 -0.172  0.002  0.172   0.499 1.001  3500
mu.ph[9,3]          -0.297   0.235 -0.758 -0.449 -0.301 -0.143   0.159 1.001  4000
mu.ph[10,3]         -0.755   0.260 -1.272 -0.927 -0.757 -0.580  -0.246 1.001  4000
mu.ph[11,3]         -0.320   0.369 -1.063 -0.557 -0.314 -0.082   0.404 1.001  2800
mu.ph[12,3]         -0.414   0.398 -1.189 -0.662 -0.414 -0.167   0.381 1.001  3500
mu.ph[13,3]          0.761   0.352  0.043  0.538  0.757  0.990   1.471 1.001  4000
mu.ph[14,3]         -0.279   0.283 -0.845 -0.467 -0.276 -0.092   0.259 1.001  4000
mu.ph[15,3]          0.016   0.347 -0.629 -0.219  0.009  0.237   0.735 1.002  1500
mu.ph[16,3]         -1.023   0.333 -1.651 -1.241 -1.028 -0.811  -0.351 1.002  2000
mu.ph[17,3]         -0.836   0.332 -1.484 -1.053 -0.840 -0.620  -0.173 1.002  2700
mu.ph[18,3]         -0.928   0.333 -1.603 -1.144 -0.919 -0.709  -0.289 1.001  2800
mu.ph[19,3]          1.045   0.371  0.328  0.807  1.042  1.283   1.775 1.001  3000
mu.ph[20,3]         -0.656   0.354 -1.360 -0.889 -0.657 -0.427   0.049 1.001  4000
mu.ph[21,3]          0.413   0.338 -0.241  0.192  0.407  0.630   1.088 1.002  1700
mu.ph[22,3]          0.250   0.330 -0.401  0.039  0.245  0.460   0.906 1.002  2400
mu.ph[23,3]         -0.479   0.342 -1.159 -0.705 -0.478 -0.260   0.188 1.001  4000
mu.ph[24,3]          0.509   0.337 -0.139  0.286  0.503  0.733   1.189 1.001  4000
mu.ph[25,3]         -0.812   0.333 -1.448 -1.032 -0.813 -0.600  -0.136 1.001  4000
mu.ph[26,3]         -1.488   0.325 -2.119 -1.701 -1.494 -1.291  -0.822 1.001  4000
mu.ph[1,4]          -0.506   0.369 -1.256 -0.729 -0.499 -0.259   0.198 1.001  4000
mu.ph[2,4]          -0.522   0.379 -1.283 -0.764 -0.516 -0.281   0.235 1.001  4000
mu.ph[3,4]           1.217   0.297  0.621  1.024  1.219  1.408   1.795 1.001  3700
mu.ph[4,4]           1.525   0.292  0.942  1.338  1.525  1.715   2.097 1.002  2200
mu.ph[5,4]           0.681   0.337  0.014  0.468  0.681  0.895   1.336 1.002  2600
mu.ph[6,4]           1.382   0.332  0.722  1.157  1.381  1.601   2.051 1.002  1700
mu.ph[7,4]          -0.255   0.247 -0.733 -0.417 -0.261 -0.104   0.259 1.001  4000
mu.ph[8,4]           0.160   0.251 -0.325 -0.009  0.155  0.319   0.677 1.001  4000
mu.ph[9,4]           0.590   0.234  0.118  0.437  0.594  0.744   1.046 1.001  4000
mu.ph[10,4]          0.201   0.256 -0.292  0.029  0.205  0.376   0.709 1.001  4000
mu.ph[11,4]         -1.234   0.365 -1.924 -1.471 -1.243 -0.994  -0.507 1.001  3100
mu.ph[12,4]         -1.144   0.390 -1.882 -1.393 -1.150 -0.900  -0.364 1.001  4000
mu.ph[13,4]          1.715   0.354  1.001  1.491  1.728  1.943   2.372 1.004  3000
mu.ph[14,4]          0.719   0.287  0.147  0.532  0.729  0.912   1.261 1.002  2300
mu.ph[15,4]         -1.134   0.334 -1.763 -1.353 -1.147 -0.929  -0.430 1.002  2400
mu.ph[16,4]         -1.886   0.329 -2.526 -2.100 -1.888 -1.681  -1.248 1.001  4000
mu.ph[17,4]          0.760   0.329  0.121  0.546  0.762  0.973   1.420 1.001  4000
mu.ph[18,4]          1.090   0.328  0.443  0.883  1.088  1.296   1.734 1.001  4000
mu.ph[19,4]          0.178   0.374 -0.540 -0.063  0.164  0.410   0.932 1.001  4000
mu.ph[20,4]         -1.084   0.347 -1.761 -1.308 -1.089 -0.861  -0.390 1.001  4000
mu.ph[21,4]         -0.253   0.342 -0.887 -0.485 -0.256 -0.039   0.435 1.002  2400
mu.ph[22,4]         -0.765   0.327 -1.390 -0.986 -0.773 -0.553  -0.087 1.001  2700
mu.ph[23,4]         -1.312   0.333 -1.970 -1.527 -1.307 -1.098  -0.640 1.001  4000
mu.ph[24,4]         -0.901   0.341 -1.576 -1.120 -0.908 -0.683  -0.200 1.002  1600
mu.ph[25,4]         -0.541   0.319 -1.139 -0.755 -0.550 -0.337   0.104 1.001  4000
mu.ph[26,4]         -1.126   0.318 -1.719 -1.335 -1.138 -0.926  -0.468 1.001  4000
mu.ph[1,5]           1.223   1.638 -1.871  0.101  1.161  2.270   4.652 1.001  4000
mu.ph[2,5]           1.048   1.698 -2.352 -0.067  1.042  2.144   4.462 1.001  4000
mu.ph[3,5]           1.735   1.327 -0.816  0.851  1.728  2.613   4.468 1.001  4000
mu.ph[4,5]           1.381   1.259 -1.100  0.550  1.377  2.194   3.868 1.001  2900
mu.ph[5,5]           2.689   1.541 -0.432  1.680  2.719  3.748   5.580 1.001  4000
mu.ph[6,5]           4.412   1.591  1.205  3.362  4.449  5.502   7.424 1.003  1200
mu.ph[7,5]          -0.295   1.022 -2.350 -0.948 -0.297  0.385   1.754 1.002  2200
mu.ph[8,5]          -0.048   1.036 -2.120 -0.724 -0.032  0.643   1.945 1.001  4000
mu.ph[9,5]           0.346   1.011 -1.661 -0.324  0.345  1.001   2.359 1.001  4000
mu.ph[10,5]         -0.105   1.069 -2.245 -0.814 -0.126  0.609   2.013 1.001  4000
mu.ph[11,5]          1.155   1.660 -1.974  0.049  1.135  2.236   4.525 1.002  1900
mu.ph[12,5]          1.307   1.826 -2.367  0.101  1.350  2.581   4.677 1.001  4000
mu.ph[13,5]          2.692   1.539 -0.354  1.677  2.669  3.668   5.804 1.001  4000
mu.ph[14,5]          2.611   1.197  0.231  1.831  2.584  3.386   4.982 1.001  4000
mu.ph[15,5]          1.498   1.459 -1.480  0.566  1.527  2.457   4.248 1.001  2900
mu.ph[16,5]          2.489   1.426 -0.268  1.557  2.491  3.391   5.382 1.002  1600
mu.ph[17,5]         -0.429   1.475 -3.306 -1.404 -0.420  0.536   2.502 1.001  2800
mu.ph[18,5]          1.194   1.472 -1.739  0.267  1.187  2.157   4.078 1.001  3400
mu.ph[19,5]          1.606   1.596 -1.613  0.601  1.617  2.649   4.730 1.001  3900
mu.ph[20,5]          1.484   1.452 -1.389  0.552  1.481  2.448   4.353 1.001  4000
mu.ph[21,5]          4.431   1.799  1.106  3.069  4.463  5.738   7.789 1.002  2400
mu.ph[22,5]          3.880   1.552  0.837  2.819  3.884  4.959   6.841 1.001  4000
mu.ph[23,5]          2.025   1.511 -0.933  1.032  2.034  2.987   5.039 1.001  4000
mu.ph[24,5]          0.804   1.526 -2.268 -0.159  0.831  1.812   3.721 1.001  4000
mu.ph[25,5]          0.346   1.288 -2.329 -0.498  0.393  1.228   2.772 1.001  4000
mu.ph[26,5]          0.580   1.301 -2.094 -0.254  0.598  1.449   3.055 1.001  4000
mu.photo[1]         -0.140   0.286 -0.709 -0.329 -0.138  0.051   0.425 1.001  3800
mu.photo[2]         -0.785   0.227 -1.229 -0.937 -0.784 -0.637  -0.334 1.001  3600
mu.photo[3]          1.255   0.225  0.811  1.107  1.255  1.401   1.700 1.001  3500
mu.photo[4]          1.763   0.234  1.309  1.612  1.759  1.914   2.228 1.000  4000
mu.photo[5]          0.675   0.242  0.194  0.518  0.675  0.834   1.169 1.002  2200
mu.photo[6]          0.276   0.351 -0.415  0.048  0.284  0.504   0.971 1.002  2400
mu.photo[7]          0.582   0.272  0.049  0.406  0.581  0.751   1.131 1.001  4000
mu.photo[8]          0.601   0.253  0.097  0.438  0.603  0.765   1.106 1.001  4000
mu.photo[9]          1.205   0.241  0.727  1.046  1.207  1.364   1.674 1.001  4000
mu.photo[10]         0.823   0.277  0.265  0.648  0.825  1.010   1.348 1.001  4000
mu.photo[11]        -0.709   0.286 -1.275 -0.895 -0.712 -0.522  -0.133 1.001  4000
mu.photo[12]        -0.898   0.241 -1.383 -1.054 -0.902 -0.741  -0.430 1.001  4000
mu.photo[13]         1.461   0.284  0.905  1.275  1.463  1.650   2.000 1.001  4000
mu.photo[14]         0.901   0.208  0.487  0.759  0.904  1.037   1.305 1.001  4000
mu.photo[15]        -0.877   0.281 -1.433 -1.061 -0.874 -0.695  -0.327 1.002  2600
mu.photo[16]        -2.289   0.363 -3.013 -2.531 -2.289 -2.054  -1.595 1.001  3700
mu.photo[17]         0.606   0.275  0.068  0.435  0.603  0.782   1.157 1.001  3300
mu.photo[18]         1.358   0.265  0.839  1.184  1.357  1.525   1.888 1.001  2700
mu.photo[19]         0.122   0.315 -0.491 -0.087  0.118  0.325   0.748 1.001  4000
mu.photo[20]        -0.550   0.269 -1.067 -0.727 -0.549 -0.378  -0.025 1.001  4000
mu.photo[21]        -0.213   0.378 -0.958 -0.464 -0.208  0.026   0.549 1.001  4000
mu.photo[22]        -0.039   0.247 -0.535 -0.199 -0.039  0.130   0.444 1.001  3600
mu.photo[23]        -0.621   0.252 -1.131 -0.785 -0.623 -0.454  -0.118 1.002  1900
mu.photo[24]        -0.511   0.240 -0.983 -0.668 -0.514 -0.356  -0.040 1.002  2200
mu.photo[25]        -0.427   0.193 -0.808 -0.554 -0.426 -0.306  -0.048 1.002  2100
mu.photo[26]        -1.256   0.288 -1.830 -1.442 -1.254 -1.069  -0.681 1.001  4000
rho.lf[1,1]          1.000   0.000  1.000  1.000  1.000  1.000   1.000 1.000     1
rho.lf[2,1]         -0.099   0.187 -0.453 -0.231 -0.099  0.031   0.263 1.002  2200
rho.lf[3,1]         -0.414   0.153 -0.685 -0.524 -0.421 -0.319  -0.085 1.001  4000
rho.lf[4,1]          0.236   0.175 -0.115  0.118  0.243  0.361   0.557 1.001  4000
rho.lf[5,1]          0.246   0.176 -0.118  0.131  0.252  0.372   0.560 1.001  3500
rho.lf[1,2]         -0.099   0.187 -0.453 -0.231 -0.099  0.031   0.263 1.002  2200
rho.lf[2,2]          1.000   0.000  1.000  1.000  1.000  1.000   1.000 1.000     1
rho.lf[3,2]          0.050   0.186 -0.324 -0.077  0.048  0.178   0.399 1.001  4000
rho.lf[4,2]         -0.060   0.186 -0.408 -0.192 -0.062  0.071   0.299 1.002  1700
rho.lf[5,2]          0.209   0.182 -0.174  0.090  0.218  0.340   0.535 1.001  3500
rho.lf[1,3]         -0.414   0.153 -0.685 -0.524 -0.421 -0.319  -0.085 1.001  4000
rho.lf[2,3]          0.050   0.186 -0.324 -0.077  0.048  0.178   0.399 1.001  4000
rho.lf[3,3]          1.000   0.000  1.000  1.000  1.000  1.000   1.000 1.000     1
rho.lf[4,3]         -0.114   0.183 -0.461 -0.243 -0.114  0.013   0.252 1.001  3700
rho.lf[5,3]         -0.168   0.183 -0.507 -0.293 -0.175 -0.046   0.204 1.001  4000
rho.lf[1,4]          0.236   0.175 -0.115  0.118  0.243  0.361   0.557 1.001  4000
rho.lf[2,4]         -0.060   0.186 -0.408 -0.192 -0.062  0.071   0.299 1.002  1700
rho.lf[3,4]         -0.114   0.183 -0.461 -0.243 -0.114  0.013   0.252 1.001  3700
rho.lf[4,4]          1.000   0.000  1.000  1.000  1.000  1.000   1.000 1.000     1
rho.lf[5,4]          0.406   0.157  0.066  0.308  0.420  0.515   0.681 1.001  4000
rho.lf[1,5]          0.246   0.176 -0.118  0.131  0.252  0.372   0.560 1.001  3500
rho.lf[2,5]          0.209   0.182 -0.174  0.090  0.218  0.340   0.535 1.001  3500
rho.lf[3,5]         -0.168   0.183 -0.507 -0.293 -0.175 -0.046   0.204 1.001  4000
rho.lf[4,5]          0.406   0.157  0.066  0.308  0.420  0.515   0.681 1.001  4000
rho.lf[5,5]          1.000   0.000  1.000  1.000  1.000  1.000   1.000 1.000     1
rho.ph[1,1]          1.000   0.000  1.000  1.000  1.000  1.000   1.000 1.000     1
rho.ph[2,1]          0.236   0.247 -0.289  0.076  0.251  0.416   0.666 1.001  4000
rho.ph[3,1]          0.010   0.266 -0.499 -0.180  0.009  0.203   0.507 1.001  4000
rho.ph[4,1]         -0.238   0.258 -0.688 -0.424 -0.258 -0.066   0.299 1.001  2900
rho.ph[5,1]          0.345   0.244 -0.193  0.189  0.369  0.525   0.747 1.003  1300
rho.ph[1,2]          0.236   0.247 -0.289  0.076  0.251  0.416   0.666 1.001  4000
rho.ph[2,2]          1.000   0.000  1.000  1.000  1.000  1.000   1.000 1.000     1
rho.ph[3,2]          0.360   0.221 -0.108  0.215  0.378  0.525   0.735 1.001  4000
rho.ph[4,2]          0.056   0.253 -0.436 -0.117  0.055  0.241   0.537 1.002  2600
rho.ph[5,2]          0.257   0.244 -0.262  0.097  0.276  0.434   0.680 1.001  4000
rho.ph[1,3]          0.010   0.266 -0.499 -0.180  0.009  0.203   0.507 1.001  4000
rho.ph[2,3]          0.360   0.221 -0.108  0.215  0.378  0.525   0.735 1.001  4000
rho.ph[3,3]          1.000   0.000  1.000  1.000  1.000  1.000   1.000 1.000     1
rho.ph[4,3]          0.381   0.223 -0.120  0.240  0.409  0.546   0.746 1.001  4000
rho.ph[5,3]         -0.228   0.251 -0.677 -0.414 -0.241 -0.062   0.285 1.001  4000
rho.ph[1,4]         -0.238   0.258 -0.688 -0.424 -0.258 -0.066   0.299 1.001  2900
rho.ph[2,4]          0.056   0.253 -0.436 -0.117  0.055  0.241   0.537 1.002  2600
rho.ph[3,4]          0.381   0.223 -0.120  0.240  0.409  0.546   0.746 1.001  4000
rho.ph[4,4]          1.000   0.000  1.000  1.000  1.000  1.000   1.000 1.000     1
rho.ph[5,4]         -0.505   0.208 -0.822 -0.659 -0.535 -0.387  -0.021 1.001  4000
rho.ph[1,5]          0.345   0.244 -0.193  0.189  0.369  0.525   0.747 1.003  1300
rho.ph[2,5]          0.257   0.244 -0.262  0.097  0.276  0.434   0.680 1.001  4000
rho.ph[3,5]         -0.228   0.251 -0.677 -0.414 -0.241 -0.062   0.285 1.001  4000
rho.ph[4,5]         -0.505   0.208 -0.822 -0.659 -0.535 -0.387  -0.021 1.001  4000
rho.ph[5,5]          1.000   0.000  1.000  1.000  1.000  1.000   1.000 1.000     1
sigmasq.cond         0.678   0.404  0.228  0.417  0.574  0.829   1.721 1.001  3100
sigmasq.fluor        0.961   0.629  0.298  0.555  0.801  1.161   2.589 1.001  4000
sigmasq.lftemp       0.955   0.700  0.263  0.517  0.767  1.159   2.798 1.003  1300
sigmasq.photo        0.246   0.093  0.129  0.185  0.227  0.289   0.472 1.001  4000
sigmasq.trans        0.595   0.377  0.197  0.354  0.497  0.722   1.554 1.001  4000
sigmasq.wue          4.918   4.743  0.422  1.733  3.701  6.492  16.992 1.002  2300
deviance            54.236  22.869 11.727 38.588 53.946 69.164 100.184 1.001  4000

For each parameter, n.eff is a crude measure of effective sample size,
and Rhat is the potential scale reduction factor (at convergence, Rhat=1).

DIC info (using the rule, pD = var(deviance)/2)
pD = 261.6 and DIC = 315.8
DIC is an estimate of expected predictive error (lower deviance is better).
