Path analysis results at Kleinmond 

Inference for Bugs model at "physiology-path-analysis.txt", fit using jags,
 5 chains, each with 25000 iterations (first 5000 discarded), n.thin = 25
 n.sims = 4000 iterations saved
                   mu.vect sd.vect    2.5%     25%     50%    75%  97.5%  Rhat n.eff
beta.fluor.humid    -0.046   0.414  -0.885  -0.314  -0.042  0.227  0.768 1.001  3300
beta.fluor.lfarea   -0.134   0.218  -0.558  -0.278  -0.134  0.009  0.289 1.001  3900
beta.fluor.lwr       0.073   0.217  -0.364  -0.069   0.075  0.214  0.498 1.002  1700
beta.fluor.sdi       0.408   0.362  -0.291   0.166   0.404  0.644  1.126 1.001  2900
beta.fluor.sla       0.015   0.296  -0.564  -0.188   0.010  0.213  0.590 1.003  1200
beta.fluor.spi       0.161   0.195  -0.234   0.035   0.162  0.288  0.540 1.001  4000
beta.fluor.temp     -0.232   0.352  -0.932  -0.451  -0.235 -0.011  0.476 1.001  4000
beta.lftemp.humid    0.039   0.511  -1.063  -0.272   0.052  0.376  1.017 1.001  4000
beta.lftemp.lfarea  -0.133   0.273  -0.660  -0.309  -0.130  0.039  0.410 1.001  4000
beta.lftemp.lwr     -0.222   0.264  -0.738  -0.400  -0.220 -0.050  0.299 1.002  1500
beta.lftemp.sdi      0.381   0.447  -0.490   0.081   0.374  0.671  1.269 1.001  4000
beta.lftemp.sla     -0.314   0.375  -1.061  -0.560  -0.310 -0.069  0.396 1.001  4000
beta.lftemp.spi     -0.083   0.242  -0.559  -0.245  -0.088  0.080  0.397 1.001  3500
beta.lftemp.temp     0.304   0.474  -0.801   0.044   0.346  0.608  1.139 1.001  4000
beta.photo.fluor    -0.040   0.300  -0.630  -0.234  -0.037  0.146  0.563 1.001  4000
beta.photo.humid     0.008   0.290  -0.565  -0.180   0.005  0.194  0.583 1.001  3100
beta.photo.lftemp   -0.380   0.261  -0.907  -0.549  -0.377 -0.208  0.140 1.001  3500
beta.photo.temp      0.047   0.369  -0.660  -0.196   0.041  0.287  0.784 1.002  2500
beta.photo.trans     0.638   0.177   0.276   0.525   0.640  0.749  0.982 1.001  4000
beta.trans.humid    -0.757   0.630  -1.981  -1.169  -0.761 -0.348  0.544 1.001  4000
beta.trans.lfarea    0.336   0.288  -0.221   0.146   0.335  0.521  0.909 1.001  4000
beta.trans.lwr      -0.116   0.306  -0.732  -0.315  -0.119  0.090  0.475 1.001  4000
beta.trans.sdi      -0.221   0.499  -1.214  -0.539  -0.222  0.103  0.774 1.001  4000
beta.trans.sla       0.456   0.412  -0.334   0.174   0.448  0.731  1.276 1.002  2400
beta.trans.spi      -0.043   0.278  -0.595  -0.223  -0.040  0.138  0.497 1.001  4000
beta.trans.temp     -0.482   0.533  -1.567  -0.804  -0.464 -0.142  0.526 1.001  4000
mu.lf[1,1]          -1.011   0.604  -2.178  -1.377  -1.031 -0.655  0.239 1.002  1500
mu.lf[2,1]          -2.155   0.577  -3.241  -2.514  -2.170 -1.829 -0.929 1.000  4000
mu.lf[3,1]          -1.065   0.591  -2.216  -1.421  -1.081 -0.720  0.137 1.001  4000
mu.lf[4,1]           0.060   0.575  -1.097  -0.271   0.065  0.408  1.196 1.001  4000
mu.lf[5,1]          -1.281   0.591  -2.437  -1.642  -1.296 -0.928 -0.037 1.001  4000
mu.lf[6,1]          -1.075   0.586  -2.283  -1.437  -1.074 -0.734  0.097 1.001  3700
mu.lf[7,1]          -1.576   0.584  -2.705  -1.928  -1.583 -1.226 -0.404 1.002  3800
mu.lf[8,1]           0.198   0.594  -0.979  -0.161   0.192  0.551  1.443 1.001  3100
mu.lf[9,1]          -0.146   0.580  -1.282  -0.503  -0.150  0.206  1.019 1.001  4000
mu.lf[10,1]         -0.711   0.576  -1.861  -1.062  -0.714 -0.368  0.463 1.001  3700
mu.lf[11,1]         -0.802   0.591  -1.977  -1.158  -0.809 -0.455  0.402 1.001  4000
mu.lf[12,1]         -0.174   0.582  -1.330  -0.526  -0.185  0.170  1.045 1.001  2700
mu.lf[13,1]         -1.111   0.574  -2.265  -1.467  -1.118 -0.769  0.063 1.002  2200
mu.lf[14,1]         -0.259   0.583  -1.400  -0.614  -0.262  0.085  0.917 1.001  4000
mu.lf[15,1]          0.358   0.585  -0.874   0.014   0.363  0.707  1.526 1.001  3200
mu.lf[16,1]          0.880   0.596  -0.399   0.530   0.887  1.252  2.045 1.001  4000
mu.lf[17,1]          0.019   0.585  -1.143  -0.327   0.018  0.381  1.158 1.002  1600
mu.lf[18,1]         -0.258   0.581  -1.393  -0.609  -0.269  0.091  0.933 1.002  2500
mu.lf[19,1]         -0.120   0.587  -1.324  -0.461  -0.128  0.216  1.114 1.001  4000
mu.lf[20,1]         -0.438   0.576  -1.589  -0.783  -0.435 -0.089  0.724 1.002  2000
mu.lf[21,1]         -0.748   0.577  -1.894  -1.094  -0.754 -0.409  0.443 1.001  4000
mu.lf[1,2]           2.608   0.585   1.409   2.267   2.625  2.960  3.734 1.001  4000
mu.lf[2,2]           2.089   0.577   0.921   1.738   2.092  2.453  3.264 1.002  4000
mu.lf[3,2]           0.886   0.565  -0.259   0.547   0.887  1.227  2.014 1.001  4000
mu.lf[4,2]           2.056   0.589   0.803   1.723   2.077  2.412  3.166 1.001  2800
mu.lf[5,2]           1.353   0.573   0.185   1.014   1.363  1.697  2.490 1.001  4000
mu.lf[6,2]           0.402   0.584  -0.795   0.061   0.413  0.752  1.586 1.001  4000
mu.lf[7,2]          -0.308   0.569  -1.505  -0.640  -0.306  0.037  0.864 1.001  4000
mu.lf[8,2]           1.027   0.589  -0.178   0.684   1.037  1.377  2.185 1.001  4000
mu.lf[9,2]           1.561   0.581   0.384   1.230   1.568  1.912  2.696 1.002  1600
mu.lf[10,2]         -0.367   0.572  -1.549  -0.694  -0.363 -0.014  0.743 1.001  4000
mu.lf[11,2]          0.020   0.582  -1.153  -0.329   0.029  0.371  1.186 1.000  4000
mu.lf[12,2]         -0.244   0.589  -1.409  -0.597  -0.252  0.100  0.974 1.002  2400
mu.lf[13,2]          0.183   0.568  -1.024  -0.141   0.185  0.516  1.309 1.001  4000
mu.lf[14,2]          0.942   0.567  -0.207   0.601   0.937  1.286  2.095 1.001  4000
mu.lf[15,2]          1.323   0.580   0.108   0.979   1.326  1.674  2.440 1.001  4000
mu.lf[16,2]         -0.434   0.583  -1.650  -0.768  -0.427 -0.096  0.736 1.001  3000
mu.lf[17,2]          0.866   0.583  -0.303   0.517   0.876  1.212  2.003 1.001  4000
mu.lf[18,2]         -0.580   0.585  -1.767  -0.922  -0.581 -0.238  0.667 1.001  4000
mu.lf[19,2]          1.185   0.580  -0.004   0.839   1.192  1.539  2.324 1.001  4000
mu.lf[20,2]          0.499   0.588  -0.710   0.158   0.513  0.848  1.684 1.001  4000
mu.lf[21,2]          0.168   0.581  -0.986  -0.179   0.169  0.513  1.373 1.001  3500
mu.lf[1,3]           0.749   0.602  -0.514   0.399   0.758  1.108  1.982 1.001  4000
mu.lf[2,3]          -0.121   0.589  -1.285  -0.478  -0.110  0.237  1.037 1.002  2000
mu.lf[3,3]           2.054   0.586   0.838   1.718   2.069  2.408  3.222 1.001  4000
mu.lf[4,3]           0.480   0.582  -0.697   0.136   0.486  0.826  1.660 1.003  1200
mu.lf[5,3]          -0.105   0.593  -1.344  -0.444  -0.095  0.250  1.070 1.002  2000
mu.lf[6,3]           0.758   0.587  -0.478   0.408   0.761  1.120  1.912 1.001  4000
mu.lf[7,3]           2.272   0.590   1.032   1.921   2.287  2.635  3.432 1.001  4000
mu.lf[8,3]           1.015   0.597  -0.220   0.661   1.036  1.369  2.166 1.001  4000
mu.lf[9,3]           0.861   0.585  -0.321   0.529   0.859  1.217  2.001 1.001  4000
mu.lf[10,3]         -0.072   0.582  -1.263  -0.415  -0.075  0.270  1.065 1.001  4000
mu.lf[11,3]          0.592   0.601  -0.598   0.245   0.598  0.953  1.752 1.003  1200
mu.lf[12,3]          1.148   0.578  -0.023   0.800   1.158  1.489  2.340 1.001  4000
mu.lf[13,3]          0.225   0.591  -1.022  -0.117   0.231  0.581  1.399 1.001  4000
mu.lf[14,3]          1.527   0.583   0.304   1.180   1.525  1.890  2.652 1.002  2300
mu.lf[15,3]          1.049   0.578  -0.168   0.719   1.054  1.392  2.168 1.003  1200
mu.lf[16,3]          1.053   0.603  -0.157   0.706   1.059  1.406  2.241 1.001  4000
mu.lf[17,3]          1.976   0.583   0.740   1.632   1.996  2.339  3.114 1.001  4000
mu.lf[18,3]         -0.497   0.582  -1.670  -0.842  -0.492 -0.146  0.705 1.001  3200
mu.lf[19,3]          0.456   0.590  -0.768   0.110   0.460  0.813  1.665 1.001  4000
mu.lf[20,3]          0.336   0.592  -0.878  -0.010   0.339  0.692  1.486 1.001  3600
mu.lf[21,3]         -0.683   0.596  -1.856  -1.035  -0.687 -0.336  0.553 1.001  4000
mu.lf[1,4]           2.537   0.585   1.301   2.188   2.545  2.899  3.685 1.002  1900
mu.lf[2,4]           0.611   0.575  -0.561   0.266   0.609  0.961  1.788 1.001  4000
mu.lf[3,4]          -0.748   0.580  -1.909  -1.112  -0.754 -0.401  0.433 1.001  4000
mu.lf[4,4]           0.085   0.569  -1.109  -0.254   0.086  0.427  1.231 1.001  3400
mu.lf[5,4]          -0.644   0.575  -1.814  -0.986  -0.637 -0.313  0.503 1.000  4000
mu.lf[6,4]           0.405   0.580  -0.803   0.074   0.407  0.734  1.536 1.001  4000
mu.lf[7,4]          -1.117   0.579  -2.291  -1.462  -1.121 -0.776  0.002 1.001  4000
mu.lf[8,4]           0.930   0.587  -0.292   0.587   0.933  1.282  2.098 1.001  4000
mu.lf[9,4]           1.466   0.583   0.226   1.130   1.484  1.812  2.616 1.001  4000
mu.lf[10,4]          0.916   0.582  -0.314   0.590   0.925  1.266  2.031 1.001  3600
mu.lf[11,4]          0.549   0.577  -0.648   0.217   0.558  0.898  1.702 1.001  3800
mu.lf[12,4]          0.574   0.599  -0.704   0.227   0.568  0.933  1.758 1.001  3000
mu.lf[13,4]         -0.409   0.554  -1.516  -0.734  -0.410 -0.077  0.681 1.001  3600
mu.lf[14,4]         -0.487   0.575  -1.645  -0.830  -0.487 -0.150  0.671 1.002  2500
mu.lf[15,4]         -0.525   0.577  -1.671  -0.871  -0.535 -0.195  0.671 1.002  1700
mu.lf[16,4]          0.966   0.575  -0.194   0.614   0.975  1.311  2.124 1.001  4000
mu.lf[17,4]          1.270   0.566   0.116   0.919   1.276  1.623  2.416 1.002  2000
mu.lf[18,4]          2.241   0.583   1.005   1.908   2.254  2.603  3.332 1.001  4000
mu.lf[19,4]          0.419   0.576  -0.750   0.078   0.432  0.759  1.586 1.001  4000
mu.lf[20,4]          0.326   0.575  -0.802  -0.019   0.323  0.665  1.514 1.002  2600
mu.lf[21,4]         -1.294   0.582  -2.467  -1.651  -1.307 -0.956 -0.090 1.001  4000
mu.lf[1,5]          -0.927   0.579  -2.084  -1.278  -0.935 -0.586  0.270 1.001  3100
mu.lf[2,5]          -0.756   0.572  -1.860  -1.113  -0.758 -0.405  0.396 1.001  4000
mu.lf[3,5]          -0.736   0.590  -1.942  -1.081  -0.745 -0.389  0.492 1.002  2600
mu.lf[4,5]          -0.738   0.583  -1.933  -1.081  -0.735 -0.401  0.463 1.001  2800
mu.lf[5,5]          -0.755   0.570  -1.891  -1.104  -0.756 -0.410  0.418 1.001  4000
mu.lf[6,5]          -1.117   0.592  -2.251  -1.481  -1.122 -0.768  0.078 1.001  3500
mu.lf[7,5]          -1.511   0.587  -2.647  -1.873  -1.525 -1.172 -0.239 1.002  1500
mu.lf[8,5]           0.024   0.597  -1.163  -0.309   0.026  0.370  1.255 1.001  4000
mu.lf[9,5]          -0.345   0.578  -1.517  -0.698  -0.352  0.006  0.848 1.000  4000
mu.lf[10,5]         -1.337   0.574  -2.505  -1.674  -1.337 -1.002 -0.171 1.001  4000
mu.lf[11,5]         -0.948   0.587  -2.106  -1.307  -0.948 -0.600  0.272 1.001  4000
mu.lf[12,5]         -0.929   0.578  -2.076  -1.271  -0.939 -0.588  0.293 1.001  4000
mu.lf[13,5]         -0.942   0.584  -2.090  -1.296  -0.945 -0.592  0.266 1.001  4000
mu.lf[14,5]         -0.361   0.572  -1.554  -0.695  -0.365 -0.014  0.819 1.001  4000
mu.lf[15,5]         -0.751   0.586  -1.968  -1.098  -0.747 -0.394  0.422 1.001  2700
mu.lf[16,5]         -0.167   0.585  -1.298  -0.521  -0.157  0.187  0.980 1.001  4000
mu.lf[17,5]         -0.748   0.587  -1.919  -1.102  -0.758 -0.391  0.449 1.001  4000
mu.lf[18,5]         -0.362   0.579  -1.547  -0.703  -0.359 -0.010  0.770 1.002  1400
mu.lf[19,5]         -0.932   0.589  -2.093  -1.294  -0.946 -0.585  0.313 1.001  3400
mu.lf[20,5]         -0.750   0.581  -1.889  -1.094  -0.754 -0.397  0.425 1.001  3600
mu.lf[21,5]         -1.520   0.579  -2.676  -1.877  -1.530 -1.177 -0.335 1.001  4000
mu.ph[1,1]          -0.842   0.537  -1.878  -1.197  -0.846 -0.493  0.207 1.001  3000
mu.ph[2,1]           0.019   0.566  -1.097  -0.335   0.008  0.378  1.147 1.001  4000
mu.ph[3,1]          -0.223   0.553  -1.328  -0.571  -0.223  0.141  0.838 1.002  2400
mu.ph[4,1]          -0.294   0.541  -1.368  -0.636  -0.291  0.051  0.799 1.001  4000
mu.ph[5,1]           0.443   0.466  -0.442   0.132   0.436  0.744  1.379 1.001  4000
mu.ph[6,1]           0.199   0.495  -0.760  -0.123   0.206  0.513  1.185 1.001  4000
mu.ph[7,1]           0.294   0.621  -0.905  -0.106   0.271  0.684  1.550 1.001  4000
mu.ph[8,1]          -0.090   0.502  -1.123  -0.414  -0.087  0.235  0.884 1.000  4000
mu.ph[9,1]          -0.280   0.468  -1.238  -0.582  -0.284  0.031  0.620 1.001  4000
mu.ph[10,1]          0.404   0.511  -0.628   0.078   0.404  0.733  1.405 1.002  2400
mu.ph[11,1]          0.443   0.443  -0.460   0.159   0.454  0.729  1.292 1.001  3200
mu.ph[12,1]          0.504   0.519  -0.567   0.168   0.517  0.846  1.504 1.003  1400
mu.ph[13,1]          0.926   0.516  -0.109   0.590   0.938  1.278  1.926 1.002  1600
mu.ph[14,1]         -1.045   0.495  -2.060  -1.361  -1.037 -0.730 -0.062 1.001  4000
mu.ph[15,1]         -1.416   0.535  -2.509  -1.744  -1.408 -1.072 -0.376 1.001  4000
mu.ph[16,1]         -1.637   0.489  -2.562  -1.966  -1.640 -1.325 -0.640 1.001  4000
mu.ph[17,1]         -2.042   0.535  -3.041  -2.399  -2.048 -1.690 -0.927 1.001  4000
mu.ph[18,1]         -0.058   0.599  -1.248  -0.456  -0.039  0.334  1.112 1.001  3300
mu.ph[19,1]         -0.714   0.542  -1.757  -1.063  -0.718 -0.368  0.360 1.002  2300
mu.ph[20,1]         -0.963   0.458  -1.863  -1.265  -0.968 -0.667 -0.029 1.001  4000
mu.ph[21,1]         -0.813   0.600  -2.000  -1.194  -0.813 -0.442  0.437 1.001  4000
mu.ph[1,2]           0.294   0.438  -0.595   0.021   0.297  0.569  1.156 1.002  2100
mu.ph[2,2]           0.117   0.444  -0.784  -0.168   0.120  0.403  0.998 1.001  4000
mu.ph[3,2]          -0.929   0.446  -1.793  -1.214  -0.934 -0.641 -0.024 1.001  4000
mu.ph[4,2]          -0.773   0.423  -1.607  -1.036  -0.767 -0.506  0.067 1.001  4000
mu.ph[5,2]          -0.883   0.378  -1.635  -1.130  -0.877 -0.640 -0.135 1.002  1600
mu.ph[6,2]          -0.328   0.382  -1.080  -0.575  -0.327 -0.082  0.421 1.001  4000
mu.ph[7,2]          -1.006   0.487  -1.954  -1.323  -1.012 -0.695 -0.036 1.001  4000
mu.ph[8,2]           0.204   0.385  -0.556  -0.046   0.205  0.449  0.945 1.001  2700
mu.ph[9,2]           0.183   0.369  -0.544  -0.062   0.184  0.423  0.904 1.001  4000
mu.ph[10,2]         -0.446   0.421  -1.296  -0.707  -0.437 -0.180  0.369 1.001  4000
mu.ph[11,2]         -0.407   0.366  -1.124  -0.642  -0.409 -0.167  0.320 1.001  4000
mu.ph[12,2]         -0.709   0.396  -1.483  -0.964  -0.711 -0.453  0.083 1.001  3300
mu.ph[13,2]         -0.724   0.390  -1.484  -0.979  -0.722 -0.475  0.053 1.003  1100
mu.ph[14,2]          0.815   0.397   0.006   0.569   0.826  1.074  1.592 1.001  4000
mu.ph[15,2]          0.745   0.419  -0.116   0.479   0.750  1.024  1.555 1.001  4000
mu.ph[16,2]          0.055   0.395  -0.723  -0.206   0.047  0.318  0.830 1.002  1700
mu.ph[17,2]         -0.185   0.407  -0.989  -0.450  -0.192  0.083  0.603 1.003  1300
mu.ph[18,2]          0.594   0.477  -0.360   0.284   0.590  0.894  1.567 1.002  2700
mu.ph[19,2]          0.050   0.445  -0.828  -0.235   0.048  0.344  0.907 1.002  1700
mu.ph[20,2]         -0.156   0.380  -0.900  -0.402  -0.155  0.099  0.590 1.001  4000
mu.ph[21,2]         -0.644   0.480  -1.576  -0.964  -0.642 -0.343  0.316 1.001  4000
mu.ph[1,3]          -0.456   0.591  -1.576  -0.847  -0.473 -0.088  0.772 1.001  4000
mu.ph[2,3]          -1.206   0.608  -2.354  -1.601  -1.230 -0.810  0.050 1.000  4000
mu.ph[3,3]           0.431   0.651  -0.897   0.001   0.451  0.864  1.662 1.001  3800
mu.ph[4,3]           0.252   0.574  -0.933  -0.107   0.237  0.617  1.401 1.001  4000
mu.ph[5,3]          -0.461   0.506  -1.455  -0.789  -0.454 -0.133  0.548 1.000  4000
mu.ph[6,3]          -0.963   0.543  -2.036  -1.312  -0.965 -0.610  0.120 1.002  2000
mu.ph[7,3]          -0.445   0.667  -1.743  -0.874  -0.449 -0.035  0.958 1.001  4000
mu.ph[8,3]           1.991   0.519   0.936   1.665   2.007  2.328  2.979 1.001  4000
mu.ph[9,3]           1.784   0.529   0.734   1.447   1.785  2.137  2.781 1.001  4000
mu.ph[10,3]          0.451   0.556  -0.679   0.113   0.463  0.802  1.517 1.001  3700
mu.ph[11,3]          0.521   0.491  -0.482   0.214   0.531  0.841  1.475 1.002  2000
mu.ph[12,3]          1.086   0.562  -0.085   0.739   1.097  1.451  2.153 1.001  4000
mu.ph[13,3]          0.304   0.557  -0.861  -0.046   0.312  0.670  1.385 1.001  4000
mu.ph[14,3]         -0.727   0.535  -1.812  -1.058  -0.714 -0.396  0.346 1.001  4000
mu.ph[15,3]         -0.556   0.566  -1.707  -0.905  -0.538 -0.211  0.548 1.001  4000
mu.ph[16,3]         -0.849   0.610  -1.978  -1.262  -0.874 -0.476  0.431 1.001  4000
mu.ph[17,3]         -0.961   0.571  -2.048  -1.341  -0.977 -0.609  0.227 1.001  4000
mu.ph[18,3]          1.025   0.653  -0.298   0.623   1.032  1.439  2.292 1.001  3900
mu.ph[19,3]          1.430   0.584   0.280   1.054   1.449  1.809  2.559 1.001  3400
mu.ph[20,3]          1.270   0.535   0.172   0.922   1.272  1.616  2.313 1.001  4000
mu.ph[21,3]          1.064   0.635  -0.210   0.671   1.056  1.477  2.312 1.001  4000
mu.photo[1]          0.051   0.420  -0.780  -0.225   0.055  0.331  0.868 1.001  4000
mu.photo[2]         -1.806   0.662  -3.121  -2.234  -1.813 -1.374 -0.494 1.001  4000
mu.photo[3]          0.087   0.464  -0.844  -0.222   0.087  0.387  0.982 1.001  4000
mu.photo[4]         -0.235   0.395  -1.014  -0.503  -0.235  0.017  0.552 1.001  4000
mu.photo[5]         -0.701   0.313  -1.317  -0.901  -0.703 -0.500 -0.070 1.001  3100
mu.photo[6]         -1.089   0.367  -1.820  -1.327  -1.088 -0.852 -0.355 1.002  2000
mu.photo[7]         -0.798   0.387  -1.560  -1.047  -0.793 -0.547 -0.039 1.001  4000
mu.photo[8]          0.718   0.320   0.077   0.512   0.715  0.930  1.362 1.001  4000
mu.photo[9]          1.232   0.482   0.279   0.916   1.225  1.550  2.171 1.002  2500
mu.photo[10]        -0.259   0.308  -0.870  -0.458  -0.262 -0.062  0.347 1.002  1900
mu.photo[11]         0.037   0.377  -0.691  -0.209   0.037  0.276  0.805 1.003  1200
mu.photo[12]         0.025   0.297  -0.552  -0.176   0.021  0.221  0.626 1.002  2200
mu.photo[13]        -0.405   0.478  -1.350  -0.726  -0.413 -0.103  0.560 1.001  4000
mu.photo[14]         0.028   0.577  -1.099  -0.349   0.026  0.385  1.183 1.001  3400
mu.photo[15]        -0.902   0.512  -1.929  -1.232  -0.905 -0.565  0.086 1.001  3200
mu.photo[16]        -0.679   0.365  -1.415  -0.904  -0.681 -0.452  0.050 1.001  4000
mu.photo[17]        -0.241   0.623  -1.429  -0.647  -0.240  0.159  0.969 1.001  4000
mu.photo[18]         0.182   0.337  -0.474  -0.045   0.188  0.399  0.838 1.001  4000
mu.photo[19]         0.932   0.350   0.226   0.700   0.934  1.162  1.613 1.001  4000
mu.photo[20]         0.499   0.353  -0.207   0.269   0.505  0.729  1.199 1.001  4000
mu.photo[21]         0.967   0.460   0.030   0.670   0.969  1.264  1.887 1.001  4000
rho.lf[1,1]          1.000   0.000   1.000   1.000   1.000  1.000  1.000 1.000     1
rho.lf[2,1]          0.003   0.401  -0.745  -0.301   0.009  0.314  0.730 1.000  4000
rho.lf[3,1]         -0.012   0.404  -0.734  -0.327  -0.018  0.303  0.733 1.001  4000
rho.lf[4,1]          0.006   0.398  -0.743  -0.302   0.012  0.313  0.737 1.001  4000
rho.lf[5,1]          0.007   0.400  -0.715  -0.309   0.011  0.320  0.731 1.001  4000
rho.lf[1,2]          0.003   0.401  -0.745  -0.301   0.009  0.314  0.730 1.000  4000
rho.lf[2,2]          1.000   0.000   1.000   1.000   1.000  1.000  1.000 1.000     1
rho.lf[3,2]          0.004   0.404  -0.736  -0.302   0.001  0.311  0.739 1.001  4000
rho.lf[4,2]          0.007   0.398  -0.739  -0.302   0.014  0.313  0.718 1.001  4000
rho.lf[5,2]          0.004   0.397  -0.726  -0.298   0.003  0.311  0.729 1.001  4000
rho.lf[1,3]         -0.012   0.404  -0.734  -0.327  -0.018  0.303  0.733 1.001  4000
rho.lf[2,3]          0.004   0.404  -0.736  -0.302   0.001  0.311  0.739 1.001  4000
rho.lf[3,3]          1.000   0.000   1.000   1.000   1.000  1.000  1.000 1.000     1
rho.lf[4,3]         -0.013   0.392  -0.738  -0.310  -0.027  0.284  0.708 1.001  2700
rho.lf[5,3]         -0.012   0.407  -0.744  -0.328  -0.013  0.307  0.740 1.001  3800
rho.lf[1,4]          0.006   0.398  -0.743  -0.302   0.012  0.313  0.737 1.001  4000
rho.lf[2,4]          0.007   0.398  -0.739  -0.302   0.014  0.313  0.718 1.001  4000
rho.lf[3,4]         -0.013   0.392  -0.738  -0.310  -0.027  0.284  0.708 1.001  2700
rho.lf[4,4]          1.000   0.000   1.000   1.000   1.000  1.000  1.000 1.000     1
rho.lf[5,4]          0.012   0.400  -0.726  -0.292   0.017  0.322  0.727 1.001  4000
rho.lf[1,5]          0.007   0.400  -0.715  -0.309   0.011  0.320  0.731 1.001  4000
rho.lf[2,5]          0.004   0.397  -0.726  -0.298   0.003  0.311  0.729 1.001  4000
rho.lf[3,5]         -0.012   0.407  -0.744  -0.328  -0.013  0.307  0.740 1.001  3800
rho.lf[4,5]          0.012   0.400  -0.726  -0.292   0.017  0.322  0.727 1.001  4000
rho.lf[5,5]          1.000   0.000   1.000   1.000   1.000  1.000  1.000 1.000     1
rho.ph[1,1]          1.000   0.000   1.000   1.000   1.000  1.000  1.000 1.000     1
rho.ph[2,1]         -0.070   0.276  -0.583  -0.264  -0.081  0.122  0.479 1.001  4000
rho.ph[3,1]          0.141   0.286  -0.448  -0.062   0.159  0.350  0.641 1.001  4000
rho.ph[1,2]         -0.070   0.276  -0.583  -0.264  -0.081  0.122  0.479 1.001  4000
rho.ph[2,2]          1.000   0.000   1.000   1.000   1.000  1.000  1.000 1.000     1
rho.ph[3,2]          0.257   0.272  -0.322   0.074   0.278  0.459  0.727 1.001  4000
rho.ph[1,3]          0.141   0.286  -0.448  -0.062   0.159  0.350  0.641 1.001  4000
rho.ph[2,3]          0.257   0.272  -0.322   0.074   0.278  0.459  0.727 1.001  4000
rho.ph[3,3]          1.000   0.000   1.000   1.000   1.000  1.000  1.000 1.000     1
sigmasq.fluor        0.601   0.436   0.184   0.341   0.485  0.718  1.748 1.001  4000
sigmasq.lftemp       0.877   0.851   0.222   0.422   0.638  1.001  3.104 1.002  2300
sigmasq.photo        0.669   0.257   0.332   0.492   0.622  0.789  1.293 1.001  4000
sigmasq.trans        1.605   1.236   0.395   0.834   1.287  1.937  4.890 1.001  4000
deviance           -13.878  32.743 -77.460 -35.706 -13.686  7.239 51.810 1.001  3400

For each parameter, n.eff is a crude measure of effective sample size,
and Rhat is the potential scale reduction factor (at convergence, Rhat=1).

DIC info (using the rule, pD = var(deviance)/2)
pD = 536.0 and DIC = 522.1
DIC is an estimate of expected predictive error (lower deviance is better).
