beta.par:             10 
max.r:                0.6 

Inference for Bugs model at "traits-environment-pca.txt", fit using jags,
 5 chains, each with 25000 iterations (first 5000 discarded), n.thin = 25
 n.sims = 4000 iterations saved
                    mu.vect sd.vect     2.5%      25%      50%      75%    97.5%  Rhat n.eff
Sigma.resid[1,1]      0.900   0.039    0.829    0.874    0.898    0.925    0.982 1.001  3800
Sigma.resid[2,1]     -0.274   0.025   -0.323   -0.290   -0.274   -0.257   -0.227 1.001  4000
Sigma.resid[3,1]     -0.004   0.019   -0.042   -0.016   -0.004    0.009    0.033 1.001  3800
Sigma.resid[4,1]      0.026   0.033   -0.039    0.004    0.026    0.047    0.092 1.001  4000
Sigma.resid[5,1]     -0.110   0.036   -0.181   -0.134   -0.110   -0.086   -0.042 1.001  4000
Sigma.resid[1,2]     -0.274   0.025   -0.323   -0.290   -0.274   -0.257   -0.227 1.001  4000
Sigma.resid[2,2]      0.687   0.031    0.626    0.665    0.686    0.707    0.749 1.001  4000
Sigma.resid[3,2]     -0.073   0.017   -0.107   -0.084   -0.073   -0.062   -0.039 1.001  3200
Sigma.resid[4,2]     -0.072   0.029   -0.130   -0.091   -0.072   -0.053   -0.016 1.001  4000
Sigma.resid[5,2]      0.113   0.031    0.052    0.092    0.113    0.134    0.176 1.002  2600
Sigma.resid[1,3]     -0.004   0.019   -0.042   -0.016   -0.004    0.009    0.033 1.001  3800
Sigma.resid[2,3]     -0.073   0.017   -0.107   -0.084   -0.073   -0.062   -0.039 1.001  3200
Sigma.resid[3,3]      0.466   0.020    0.429    0.452    0.465    0.479    0.508 1.001  3400
Sigma.resid[4,3]      0.044   0.024   -0.003    0.027    0.044    0.061    0.092 1.002  2600
Sigma.resid[5,3]      0.034   0.026   -0.015    0.016    0.034    0.051    0.085 1.001  4000
Sigma.resid[1,4]      0.026   0.033   -0.039    0.004    0.026    0.047    0.092 1.001  4000
Sigma.resid[2,4]     -0.072   0.029   -0.130   -0.091   -0.072   -0.053   -0.016 1.001  4000
Sigma.resid[3,4]      0.044   0.024   -0.003    0.027    0.044    0.061    0.092 1.002  2600
Sigma.resid[4,4]      0.708   0.044    0.625    0.677    0.707    0.736    0.802 1.001  4000
Sigma.resid[5,4]      0.294   0.032    0.235    0.272    0.293    0.314    0.357 1.002  2100
Sigma.resid[1,5]     -0.110   0.036   -0.181   -0.134   -0.110   -0.086   -0.042 1.001  4000
Sigma.resid[2,5]      0.113   0.031    0.052    0.092    0.113    0.134    0.176 1.002  2600
Sigma.resid[3,5]      0.034   0.026   -0.015    0.016    0.034    0.051    0.085 1.001  4000
Sigma.resid[4,5]      0.294   0.032    0.235    0.272    0.293    0.314    0.357 1.002  2100
Sigma.resid[5,5]      0.785   0.049    0.693    0.752    0.783    0.817    0.890 1.001  4000
Sigma.species[1,1]    0.113   0.054    0.044    0.076    0.102    0.137    0.252 1.001  4000
Sigma.species[2,1]   -0.007   0.021   -0.051   -0.020   -0.007    0.005    0.037 1.000  4000
Sigma.species[3,1]   -0.025   0.028   -0.082   -0.042   -0.024   -0.008    0.031 1.000  4000
Sigma.species[4,1]    0.009   0.015   -0.020    0.000    0.009    0.018    0.041 1.001  4000
Sigma.species[5,1]   -0.006   0.015   -0.038   -0.016   -0.006    0.003    0.025 1.001  4000
Sigma.species[1,2]   -0.007   0.021   -0.051   -0.020   -0.007    0.005    0.037 1.000  4000
Sigma.species[2,2]    0.245   0.104    0.112    0.175    0.222    0.291    0.501 1.001  3900
Sigma.species[3,2]   -0.044   0.041   -0.128   -0.070   -0.043   -0.019    0.037 1.001  4000
Sigma.species[4,2]   -0.018   0.022   -0.064   -0.031   -0.018   -0.005    0.025 1.001  4000
Sigma.species[5,2]    0.008   0.023   -0.035   -0.005    0.008    0.022    0.054 1.001  2900
Sigma.species[1,3]   -0.025   0.028   -0.082   -0.042   -0.024   -0.008    0.031 1.000  4000
Sigma.species[2,3]   -0.044   0.041   -0.128   -0.070   -0.043   -0.019    0.037 1.001  4000
Sigma.species[3,3]    0.494   0.203    0.240    0.359    0.451    0.580    1.017 1.001  4000
Sigma.species[4,3]   -0.019   0.031   -0.083   -0.037   -0.019    0.000    0.043 1.001  4000
Sigma.species[5,3]   -0.003   0.032   -0.068   -0.022   -0.003    0.016    0.063 1.001  4000
Sigma.species[1,4]    0.009   0.015   -0.020    0.000    0.009    0.018    0.041 1.001  4000
Sigma.species[2,4]   -0.018   0.022   -0.064   -0.031   -0.018   -0.005    0.025 1.001  4000
Sigma.species[3,4]   -0.019   0.031   -0.083   -0.037   -0.019    0.000    0.043 1.001  4000
Sigma.species[4,4]    0.131   0.067    0.047    0.085    0.118    0.159    0.303 1.001  3500
Sigma.species[5,4]    0.006   0.017   -0.026   -0.004    0.005    0.016    0.043 1.001  2800
Sigma.species[1,5]   -0.006   0.015   -0.038   -0.016   -0.006    0.003    0.025 1.001  4000
Sigma.species[2,5]    0.008   0.023   -0.035   -0.005    0.008    0.022    0.054 1.001  2900
Sigma.species[3,5]   -0.003   0.032   -0.068   -0.022   -0.003    0.016    0.063 1.001  4000
Sigma.species[4,5]    0.006   0.017   -0.026   -0.004    0.005    0.016    0.043 1.001  2800
Sigma.species[5,5]    0.135   0.067    0.050    0.089    0.121    0.165    0.303 1.001  4000
beta.pca1[1]         -0.028   0.083   -0.192   -0.081   -0.027    0.026    0.134 1.001  3000
beta.pca1[2]          0.092   0.116   -0.139    0.016    0.091    0.169    0.321 1.003  1400
beta.pca1[3]          0.051   0.164   -0.277   -0.055    0.050    0.158    0.378 1.004  1000
beta.pca1[4]          0.258   0.091    0.077    0.198    0.258    0.318    0.441 1.001  4000
beta.pca1[5]          0.257   0.090    0.076    0.199    0.258    0.317    0.430 1.001  4000
beta.pca2[1]          0.153   0.080   -0.002    0.103    0.153    0.204    0.317 1.001  4000
beta.pca2[2]         -0.068   0.113   -0.289   -0.141   -0.068    0.005    0.152 1.001  2800
beta.pca2[3]          0.085   0.161   -0.236   -0.022    0.085    0.187    0.409 1.009   350
beta.pca2[4]         -0.216   0.090   -0.394   -0.275   -0.214   -0.158   -0.040 1.001  4000
beta.pca2[5]         -0.037   0.089   -0.218   -0.094   -0.038    0.022    0.144 1.001  4000
beta.pca3[1]         -0.096   0.087   -0.265   -0.153   -0.096   -0.040    0.077 1.002  2300
beta.pca3[2]          0.269   0.124    0.031    0.186    0.267    0.346    0.518 1.002  1600
beta.pca3[3]         -0.276   0.177   -0.629   -0.389   -0.273   -0.160    0.072 1.003  1300
beta.pca3[4]          0.155   0.099   -0.043    0.093    0.153    0.219    0.349 1.001  4000
beta.pca3[5]          0.120   0.096   -0.077    0.059    0.120    0.180    0.309 1.001  4000
rho.resid[1,1]        1.000   0.000    1.000    1.000    1.000    1.000    1.000 1.000     1
rho.resid[2,1]       -0.348   0.026   -0.398   -0.366   -0.349   -0.331   -0.298 1.001  4000
rho.resid[3,1]       -0.006   0.029   -0.065   -0.025   -0.006    0.013    0.051 1.001  3700
rho.resid[4,1]        0.032   0.042   -0.049    0.005    0.032    0.059    0.113 1.001  4000
rho.resid[5,1]       -0.131   0.042   -0.211   -0.159   -0.131   -0.103   -0.051 1.001  4000
rho.resid[1,2]       -0.348   0.026   -0.398   -0.366   -0.349   -0.331   -0.298 1.001  4000
rho.resid[2,2]        1.000   0.000    1.000    1.000    1.000    1.000    1.000 1.000     1
rho.resid[3,2]       -0.129   0.030   -0.187   -0.149   -0.129   -0.109   -0.069 1.001  2800
rho.resid[4,2]       -0.103   0.041   -0.183   -0.131   -0.104   -0.076   -0.023 1.001  4000
rho.resid[5,2]        0.154   0.041    0.072    0.126    0.154    0.182    0.234 1.002  2400
rho.resid[1,3]       -0.006   0.029   -0.065   -0.025   -0.006    0.013    0.051 1.001  3700
rho.resid[2,3]       -0.129   0.030   -0.187   -0.149   -0.129   -0.109   -0.069 1.001  2800
rho.resid[3,3]        1.000   0.000    1.000    1.000    1.000    1.000    1.000 1.000     1
rho.resid[4,3]        0.077   0.042   -0.005    0.048    0.076    0.106    0.158 1.002  2400
rho.resid[5,3]        0.056   0.042   -0.026    0.027    0.056    0.085    0.139 1.001  4000
rho.resid[1,4]        0.032   0.042   -0.049    0.005    0.032    0.059    0.113 1.001  4000
rho.resid[2,4]       -0.103   0.041   -0.183   -0.131   -0.104   -0.076   -0.023 1.001  4000
rho.resid[3,4]        0.077   0.042   -0.005    0.048    0.076    0.106    0.158 1.002  2400
rho.resid[4,4]        1.000   0.000    1.000    1.000    1.000    1.000    1.000 1.000     1
rho.resid[5,4]        0.394   0.033    0.328    0.371    0.394    0.417    0.458 1.002  1800
rho.resid[1,5]       -0.131   0.042   -0.211   -0.159   -0.131   -0.103   -0.051 1.001  4000
rho.resid[2,5]        0.154   0.041    0.072    0.126    0.154    0.182    0.234 1.002  2400
rho.resid[3,5]        0.056   0.042   -0.026    0.027    0.056    0.085    0.139 1.001  4000
rho.resid[4,5]        0.394   0.033    0.328    0.371    0.394    0.417    0.458 1.002  1800
rho.resid[5,5]        1.000   0.000    1.000    1.000    1.000    1.000    1.000 1.000     1
rho.species[1,1]      1.000   0.000    1.000    1.000    1.000    1.000    1.000 1.000     1
rho.species[2,1]     -0.047   0.125   -0.279   -0.132   -0.048    0.035    0.202 1.000  4000
rho.species[3,1]     -0.116   0.118   -0.335   -0.200   -0.120   -0.035    0.118 1.000  4000
rho.species[4,1]      0.084   0.120   -0.157    0.003    0.087    0.167    0.306 1.001  4000
rho.species[5,1]     -0.056   0.123   -0.288   -0.145   -0.056    0.029    0.189 1.002  2500
rho.species[1,2]     -0.047   0.125   -0.279   -0.132   -0.048    0.035    0.202 1.000  4000
rho.species[2,2]      1.000   0.000    1.000    1.000    1.000    1.000    1.000 1.000     1
rho.species[3,2]     -0.138   0.115   -0.347   -0.221   -0.141   -0.060    0.097 1.001  4000
rho.species[4,2]     -0.110   0.120   -0.328   -0.195   -0.114   -0.032    0.134 1.001  4000
rho.species[5,2]      0.049   0.121   -0.187   -0.034    0.050    0.135    0.278 1.001  3300
rho.species[1,3]     -0.116   0.118   -0.335   -0.200   -0.120   -0.035    0.118 1.000  4000
rho.species[2,3]     -0.138   0.115   -0.347   -0.221   -0.141   -0.060    0.097 1.001  4000
rho.species[3,3]      1.000   0.000    1.000    1.000    1.000    1.000    1.000 1.000     1
rho.species[4,3]     -0.080   0.120   -0.303   -0.163   -0.082    0.002    0.162 1.001  4000
rho.species[5,3]     -0.013   0.122   -0.248   -0.096   -0.013    0.070    0.223 1.001  4000
rho.species[1,4]      0.084   0.120   -0.157    0.003    0.087    0.167    0.306 1.001  4000
rho.species[2,4]     -0.110   0.120   -0.328   -0.195   -0.114   -0.032    0.134 1.001  4000
rho.species[3,4]     -0.080   0.120   -0.303   -0.163   -0.082    0.002    0.162 1.001  4000
rho.species[4,4]      1.000   0.000    1.000    1.000    1.000    1.000    1.000 1.000     1
rho.species[5,4]      0.046   0.124   -0.193   -0.038    0.049    0.133    0.282 1.001  4000
rho.species[1,5]     -0.056   0.123   -0.288   -0.145   -0.056    0.029    0.189 1.002  2500
rho.species[2,5]      0.049   0.121   -0.187   -0.034    0.050    0.135    0.278 1.001  3300
rho.species[3,5]     -0.013   0.122   -0.248   -0.096   -0.013    0.070    0.223 1.001  4000
rho.species[4,5]      0.046   0.124   -0.193   -0.038    0.049    0.133    0.282 1.001  4000
rho.species[5,5]      1.000   0.000    1.000    1.000    1.000    1.000    1.000 1.000     1
yr[1]                -0.302   0.057   -0.413   -0.340   -0.302   -0.263   -0.192 1.001  4000
yr[2]                 0.435   0.048    0.340    0.402    0.436    0.467    0.530 1.001  4000
yr[3]                 0.246   0.040    0.166    0.220    0.246    0.273    0.326 1.002  2300
yr[4]                -0.556   0.073   -0.703   -0.603   -0.556   -0.509   -0.411 1.001  3200
yr[5]                -0.224   0.072   -0.365   -0.271   -0.224   -0.176   -0.085 1.001  4000
deviance           2350.389  16.024 2321.100 2339.183 2349.571 2360.704 2384.096 1.001  4000

For each parameter, n.eff is a crude measure of effective sample size,
and Rhat is the potential scale reduction factor (at convergence, Rhat=1).

DIC info (using the rule, pD = var(deviance)/2)
pD = 128.5 and DIC = 2478.9
DIC is an estimate of expected predictive error (lower deviance is better).
