Path analysis results at Kleinmond 
 physiology-path-analysis-model-3.txt 

Inference for Bugs model at "physiology-path-analysis-model-3.txt", fit using jags,
 5 chains, each with 25000 iterations (first 5000 discarded), n.thin = 25
 n.sims = 4000 iterations saved
                     mu.vect sd.vect    2.5%     25%     50%     75%   97.5%  Rhat n.eff
beta.cond.lftemp      -0.179   0.348  -0.873  -0.400  -0.182   0.041   0.521 1.001  4000
beta.cond.trans       -0.715   0.350  -1.406  -0.940  -0.717  -0.486  -0.040 1.001  4000
beta.fluor.humid      -0.054   0.411  -0.887  -0.316  -0.044   0.210   0.750 1.003  1000
beta.fluor.lfarea     -0.135   0.211  -0.554  -0.272  -0.136   0.004   0.281 1.001  3000
beta.fluor.lwr         0.069   0.207  -0.342  -0.068   0.073   0.203   0.477 1.001  4000
beta.fluor.sdi         0.413   0.353  -0.296   0.188   0.411   0.646   1.114 1.002  2500
beta.fluor.sla         0.007   0.292  -0.574  -0.185   0.014   0.198   0.564 1.000  4000
beta.fluor.spi         0.165   0.199  -0.220   0.034   0.168   0.293   0.568 1.002  1900
beta.fluor.temp       -0.238   0.344  -0.918  -0.455  -0.241  -0.023   0.468 1.001  2900
beta.lftemp.humid      0.042   0.535  -1.060  -0.270   0.060   0.380   1.031 1.004   750
beta.lftemp.lfarea    -0.143   0.274  -0.675  -0.322  -0.147   0.033   0.396 1.001  4000
beta.lftemp.lwr       -0.215   0.268  -0.757  -0.386  -0.219  -0.043   0.326 1.001  4000
beta.lftemp.sdi        0.382   0.465  -0.520   0.081   0.367   0.680   1.324 1.001  4000
beta.lftemp.sla       -0.314   0.373  -1.067  -0.554  -0.307  -0.070   0.424 1.001  3000
beta.lftemp.spi       -0.077   0.249  -0.575  -0.241  -0.078   0.083   0.418 1.001  2900
beta.lftemp.temp       0.291   0.503  -0.827   0.029   0.333   0.610   1.150 1.005  1200
beta.photo.cond        0.911   0.275   0.350   0.736   0.913   1.091   1.432 1.001  4000
beta.photo.fluor      -0.184   0.315  -0.804  -0.386  -0.181   0.008   0.463 1.001  4000
beta.photo.humid      -0.283   0.284  -0.866  -0.466  -0.278  -0.097   0.265 1.001  4000
beta.photo.lftemp     -0.165   0.260  -0.684  -0.336  -0.163   0.001   0.365 1.001  4000
beta.photo.temp        0.157   0.409  -0.676  -0.104   0.163   0.422   0.961 1.001  4000
beta.trans.humid      -0.775   0.648  -2.032  -1.211  -0.783  -0.367   0.549 1.004   860
beta.trans.lfarea      0.337   0.296  -0.239   0.137   0.340   0.526   0.922 1.001  3100
beta.trans.lwr        -0.113   0.306  -0.703  -0.320  -0.113   0.089   0.479 1.001  4000
beta.trans.sdi        -0.216   0.501  -1.190  -0.541  -0.203   0.112   0.788 1.001  3200
beta.trans.sla         0.459   0.414  -0.323   0.179   0.453   0.723   1.306 1.003  1300
beta.trans.spi        -0.045   0.277  -0.599  -0.230  -0.036   0.139   0.507 1.002  2300
beta.trans.temp       -0.489   0.542  -1.639  -0.808  -0.472  -0.132   0.536 1.000  4000
mu.lf[1]              -0.556   0.165  -0.876  -0.666  -0.553  -0.448  -0.230 1.001  3600
mu.lf[2]               0.753   0.205   0.346   0.616   0.750   0.889   1.153 1.001  4000
mu.lf[3]               0.741   0.185   0.378   0.618   0.740   0.866   1.103 1.002  4000
mu.lf[4]               0.399   0.229  -0.040   0.249   0.397   0.553   0.861 1.001  4000
mu.lf[5]              -0.817   0.100  -1.013  -0.881  -0.818  -0.754  -0.623 1.000  4000
mu.ph[1,1]            -0.839   0.548  -1.871  -1.192  -0.858  -0.501   0.291 1.001  4000
mu.ph[2,1]             0.015   0.565  -1.124  -0.358   0.019   0.369   1.153 1.001  3900
mu.ph[3,1]            -0.211   0.563  -1.349  -0.567  -0.199   0.151   0.844 1.001  2700
mu.ph[4,1]            -0.277   0.534  -1.318  -0.622  -0.274   0.052   0.808 1.001  4000
mu.ph[5,1]             0.456   0.471  -0.468   0.144   0.467   0.756   1.393 1.001  4000
mu.ph[6,1]             0.193   0.489  -0.740  -0.140   0.193   0.523   1.123 1.001  4000
mu.ph[7,1]             0.259   0.629  -0.961  -0.157   0.240   0.656   1.531 1.001  4000
mu.ph[8,1]            -0.095   0.493  -1.092  -0.411  -0.087   0.236   0.849 1.001  4000
mu.ph[9,1]            -0.278   0.466  -1.211  -0.573  -0.283   0.026   0.646 1.001  4000
mu.ph[10,1]            0.420   0.520  -0.656   0.100   0.437   0.757   1.432 1.004   960
mu.ph[11,1]            0.453   0.442  -0.427   0.167   0.461   0.739   1.311 1.004   880
mu.ph[12,1]            0.496   0.516  -0.576   0.165   0.504   0.837   1.509 1.002  1700
mu.ph[13,1]            0.924   0.510  -0.132   0.602   0.937   1.255   1.910 1.001  3600
mu.ph[14,1]           -1.041   0.497  -2.042  -1.369  -1.038  -0.712  -0.069 1.001  2800
mu.ph[15,1]           -1.406   0.524  -2.515  -1.743  -1.388  -1.060  -0.403 1.001  4000
mu.ph[16,1]           -1.652   0.497  -2.632  -1.976  -1.652  -1.336  -0.668 1.002  2200
mu.ph[17,1]           -2.056   0.542  -3.124  -2.416  -2.069  -1.718  -0.968 1.001  4000
mu.ph[18,1]           -0.056   0.607  -1.264  -0.458  -0.045   0.336   1.104 1.001  4000
mu.ph[19,1]           -0.722   0.549  -1.829  -1.072  -0.718  -0.369   0.356 1.001  4000
mu.ph[20,1]           -0.953   0.468  -1.847  -1.261  -0.955  -0.653  -0.008 1.002  2300
mu.ph[21,1]           -0.808   0.602  -1.937  -1.203  -0.828  -0.423   0.441 1.002  1700
mu.ph[1,2]             0.293   0.434  -0.564   0.016   0.293   0.578   1.154 1.002  2500
mu.ph[2,2]             0.119   0.443  -0.724  -0.167   0.109   0.396   1.031 1.001  4000
mu.ph[3,2]            -0.928   0.446  -1.794  -1.218  -0.926  -0.645  -0.018 1.001  4000
mu.ph[4,2]            -0.781   0.426  -1.632  -1.057  -0.780  -0.507   0.072 1.001  4000
mu.ph[5,2]            -0.880   0.377  -1.605  -1.122  -0.887  -0.636  -0.124 1.001  4000
mu.ph[6,2]            -0.325   0.390  -1.062  -0.581  -0.323  -0.072   0.428 1.003  1000
mu.ph[7,2]            -1.008   0.486  -1.974  -1.318  -0.999  -0.699  -0.043 1.001  3800
mu.ph[8,2]             0.201   0.384  -0.566  -0.046   0.205   0.445   0.959 1.001  4000
mu.ph[9,2]             0.181   0.373  -0.566  -0.060   0.187   0.425   0.917 1.002  2200
mu.ph[10,2]           -0.436   0.410  -1.239  -0.704  -0.433  -0.177   0.388 1.001  4000
mu.ph[11,2]           -0.398   0.358  -1.115  -0.627  -0.396  -0.164   0.292 1.001  4000
mu.ph[12,2]           -0.717   0.401  -1.515  -0.974  -0.720  -0.459   0.071 1.002  2300
mu.ph[13,2]           -0.730   0.394  -1.499  -0.989  -0.729  -0.470   0.062 1.002  2500
mu.ph[14,2]            0.812   0.397   0.009   0.560   0.824   1.073   1.591 1.002  2600
mu.ph[15,2]            0.734   0.418  -0.120   0.472   0.734   1.007   1.553 1.003  1100
mu.ph[16,2]            0.068   0.389  -0.673  -0.190   0.065   0.320   0.835 1.001  2800
mu.ph[17,2]           -0.173   0.409  -0.983  -0.433  -0.185   0.093   0.643 1.001  2700
mu.ph[18,2]            0.602   0.464  -0.325   0.306   0.597   0.904   1.534 1.001  4000
mu.ph[19,2]            0.036   0.439  -0.844  -0.253   0.032   0.330   0.882 1.001  4000
mu.ph[20,2]           -0.153   0.382  -0.913  -0.399  -0.152   0.097   0.596 1.001  4000
mu.ph[21,2]           -0.648   0.473  -1.582  -0.947  -0.653  -0.339   0.295 1.001  4000
mu.ph[1,3]            -0.468   0.584  -1.605  -0.839  -0.483  -0.100   0.703 1.001  3000
mu.ph[2,3]            -1.219   0.615  -2.386  -1.629  -1.243  -0.834   0.063 1.001  4000
mu.ph[3,3]             0.430   0.623  -0.820   0.024   0.443   0.835   1.683 1.002  2400
mu.ph[4,3]             0.262   0.569  -0.854  -0.104   0.250   0.611   1.419 1.003  1300
mu.ph[5,3]            -0.456   0.504  -1.450  -0.776  -0.457  -0.134   0.530 1.001  4000
mu.ph[6,3]            -0.956   0.538  -1.994  -1.308  -0.957  -0.618   0.118 1.001  4000
mu.ph[7,3]            -0.440   0.680  -1.753  -0.873  -0.472  -0.021   0.978 1.001  4000
mu.ph[8,3]             1.991   0.539   0.893   1.641   1.995   2.352   3.042 1.001  3400
mu.ph[9,3]             1.781   0.543   0.676   1.437   1.785   2.151   2.814 1.002  2200
mu.ph[10,3]            0.456   0.553  -0.669   0.114   0.469   0.816   1.518 1.003   960
mu.ph[11,3]            0.530   0.489  -0.468   0.224   0.541   0.843   1.489 1.002  2000
mu.ph[12,3]            1.082   0.556  -0.017   0.733   1.100   1.442   2.161 1.001  4000
mu.ph[13,3]            0.299   0.561  -0.844  -0.063   0.317   0.673   1.340 1.002  2300
mu.ph[14,3]           -0.743   0.529  -1.848  -1.065  -0.728  -0.399   0.261 1.003  1200
mu.ph[15,3]           -0.571   0.558  -1.700  -0.935  -0.573  -0.195   0.502 1.001  4000
mu.ph[16,3]           -0.862   0.609  -1.972  -1.269  -0.886  -0.482   0.403 1.002  2700
mu.ph[17,3]           -0.976   0.571  -2.061  -1.357  -0.987  -0.623   0.265 1.001  4000
mu.ph[18,3]            1.029   0.653  -0.268   0.619   1.039   1.454   2.276 1.001  2800
mu.ph[19,3]            1.439   0.610   0.242   1.053   1.444   1.853   2.622 1.002  1900
mu.ph[20,3]            1.272   0.536   0.200   0.940   1.271   1.625   2.308 1.001  4000
mu.ph[21,3]            1.062   0.647  -0.229   0.668   1.054   1.468   2.323 1.001  4000
mu.photo[1]            0.126   0.442  -0.744  -0.165   0.128   0.404   1.024 1.001  4000
mu.photo[2]           -1.485   0.639  -2.722  -1.893  -1.502  -1.081  -0.172 1.001  4000
mu.photo[3]            0.734   0.553  -0.388   0.373   0.744   1.101   1.782 1.001  2900
mu.photo[4]           -0.111   0.440  -1.012  -0.391  -0.111   0.173   0.757 1.002  2400
mu.photo[5]           -0.537   0.328  -1.191  -0.751  -0.536  -0.323   0.092 1.002  2000
mu.photo[6]           -1.056   0.380  -1.806  -1.303  -1.059  -0.811  -0.307 1.002  2600
mu.photo[7]           -0.922   0.425  -1.726  -1.203  -0.925  -0.646  -0.076 1.002  2100
mu.photo[8]            0.924   0.374   0.181   0.679   0.928   1.178   1.637 1.001  4000
mu.photo[9]            0.938   0.457   0.042   0.645   0.947   1.236   1.849 1.001  4000
mu.photo[10]          -0.386   0.326  -1.047  -0.594  -0.382  -0.172   0.234 1.002  2000
mu.photo[11]          -0.232   0.376  -0.993  -0.472  -0.236   0.010   0.526 1.001  4000
mu.photo[12]          -0.272   0.293  -0.857  -0.470  -0.262  -0.079   0.292 1.002  1500
mu.photo[13]          -0.535   0.497  -1.552  -0.869  -0.526  -0.208   0.408 1.002  1600
mu.photo[14]          -0.013   0.608  -1.229  -0.401  -0.006   0.374   1.186 1.001  2900
mu.photo[15]          -1.285   0.588  -2.429  -1.667  -1.289  -0.907  -0.092 1.002  2200
mu.photo[16]           0.061   0.346  -0.635  -0.157   0.061   0.280   0.711 1.001  3500
mu.photo[17]          -0.165   0.664  -1.488  -0.579  -0.158   0.257   1.184 1.000  4000
mu.photo[18]           0.517   0.357  -0.175   0.287   0.515   0.748   1.225 1.001  4000
mu.photo[19]           1.077   0.394   0.300   0.819   1.079   1.330   1.857 1.001  4000
mu.photo[20]           0.109   0.377  -0.632  -0.144   0.115   0.353   0.860 1.001  4000
mu.photo[21]           0.286   0.452  -0.612  -0.013   0.291   0.578   1.206 1.001  4000
phx.lf[1,1]            0.576   0.183   0.316   0.449   0.545   0.666   1.028 1.000  4000
phx.lf[2,1]           -0.092   0.162  -0.439  -0.184  -0.082   0.007   0.204 1.001  4000
phx.lf[3,1]            0.095   0.145  -0.177   0.004   0.090   0.176   0.409 1.001  4000
phx.lf[4,1]            0.199   0.188  -0.132   0.073   0.185   0.303   0.624 1.001  4000
phx.lf[5,1]            0.162   0.087   0.026   0.104   0.149   0.207   0.367 1.002  1700
phx.lf[1,2]           -0.092   0.162  -0.439  -0.184  -0.082   0.007   0.204 1.001  4000
phx.lf[2,2]            0.882   0.284   0.486   0.686   0.832   1.018   1.583 1.001  4000
phx.lf[3,2]            0.009   0.180  -0.365  -0.094   0.008   0.110   0.378 1.001  4000
phx.lf[4,2]            0.129   0.228  -0.294  -0.008   0.113   0.256   0.633 1.001  4000
phx.lf[5,2]            0.070   0.100  -0.112   0.009   0.065   0.125   0.286 1.001  4000
phx.lf[1,3]            0.095   0.145  -0.177   0.004   0.090   0.176   0.409 1.001  4000
phx.lf[2,3]            0.009   0.180  -0.365  -0.094   0.008   0.110   0.378 1.001  4000
phx.lf[3,3]            0.709   0.230   0.387   0.548   0.668   0.818   1.257 1.001  4000
phx.lf[4,3]           -0.117   0.206  -0.555  -0.236  -0.108   0.010   0.276 1.001  4000
phx.lf[5,3]            0.033   0.088  -0.139  -0.017   0.032   0.082   0.210 1.001  2900
phx.lf[1,4]            0.199   0.188  -0.132   0.073   0.185   0.303   0.624 1.001  4000
phx.lf[2,4]            0.129   0.228  -0.294  -0.008   0.113   0.256   0.633 1.001  4000
phx.lf[3,4]           -0.117   0.206  -0.555  -0.236  -0.108   0.010   0.276 1.001  4000
phx.lf[4,4]            1.117   0.373   0.615   0.857   1.047   1.291   2.035 1.000  4000
phx.lf[5,4]            0.174   0.121  -0.024   0.096   0.160   0.234   0.462 1.002  2500
phx.lf[1,5]            0.162   0.087   0.026   0.104   0.149   0.207   0.367 1.002  1700
phx.lf[2,5]            0.070   0.100  -0.112   0.009   0.065   0.125   0.286 1.001  4000
phx.lf[3,5]            0.033   0.088  -0.139  -0.017   0.032   0.082   0.210 1.001  2900
phx.lf[4,5]            0.174   0.121  -0.024   0.096   0.160   0.234   0.462 1.002  2500
phx.lf[5,5]            0.212   0.072   0.116   0.164   0.198   0.245   0.379 1.002  1900
phx.ph[1,1]            0.513   0.255   0.199   0.342   0.459   0.621   1.155 1.001  4000
phx.ph[2,1]           -0.026   0.132  -0.296  -0.093  -0.025   0.045   0.246 1.001  4000
phx.ph[3,1]            0.075   0.191  -0.254  -0.039   0.058   0.171   0.516 1.002  1800
phx.ph[1,2]           -0.026   0.132  -0.296  -0.093  -0.025   0.045   0.246 1.001  4000
phx.ph[2,2]            0.314   0.149   0.135   0.213   0.280   0.374   0.696 1.001  2800
phx.ph[3,2]            0.113   0.149  -0.137   0.029   0.097   0.180   0.458 1.001  4000
phx.ph[1,3]            0.075   0.191  -0.254  -0.039   0.058   0.171   0.516 1.002  1800
phx.ph[2,3]            0.113   0.149  -0.137   0.029   0.097   0.180   0.458 1.001  4000
phx.ph[3,3]            0.568   0.308   0.222   0.367   0.497   0.676   1.367 1.001  3700
rho.lf[1,1]            1.000   0.000   1.000   1.000   1.000   1.000   1.000 1.000     1
rho.lf[2,1]           -0.126   0.201  -0.507  -0.268  -0.128   0.009   0.276 1.001  4000
rho.lf[3,1]            0.148   0.204  -0.266   0.007   0.156   0.295   0.516 1.001  3800
rho.lf[4,1]            0.242   0.196  -0.172   0.106   0.255   0.383   0.589 1.001  4000
rho.lf[5,1]            0.455   0.163   0.092   0.355   0.468   0.575   0.734 1.002  2000
rho.lf[1,2]           -0.126   0.201  -0.507  -0.268  -0.128   0.009   0.276 1.001  4000
rho.lf[2,2]            1.000   0.000   1.000   1.000   1.000   1.000   1.000 1.000     1
rho.lf[3,2]            0.012   0.206  -0.396  -0.132   0.012   0.154   0.416 1.001  4000
rho.lf[4,2]            0.127   0.203  -0.281  -0.009   0.131   0.272   0.512 1.001  4000
rho.lf[5,2]            0.160   0.200  -0.245   0.025   0.168   0.302   0.523 1.001  4000
rho.lf[1,3]            0.148   0.204  -0.266   0.007   0.156   0.295   0.516 1.001  3800
rho.lf[2,3]            0.012   0.206  -0.396  -0.132   0.012   0.154   0.416 1.001  4000
rho.lf[3,3]            1.000   0.000   1.000   1.000   1.000   1.000   1.000 1.000     1
rho.lf[4,3]           -0.128   0.205  -0.510  -0.277  -0.134   0.013   0.286 1.001  4000
rho.lf[5,3]            0.087   0.204  -0.325  -0.047   0.094   0.228   0.464 1.002  2500
rho.lf[1,4]            0.242   0.196  -0.172   0.106   0.255   0.383   0.589 1.001  4000
rho.lf[2,4]            0.127   0.203  -0.281  -0.009   0.131   0.272   0.512 1.001  4000
rho.lf[3,4]           -0.128   0.205  -0.510  -0.277  -0.134   0.013   0.286 1.001  4000
rho.lf[4,4]            1.000   0.000   1.000   1.000   1.000   1.000   1.000 1.000     1
rho.lf[5,4]            0.349   0.185  -0.054   0.230   0.360   0.482   0.674 1.001  2800
rho.lf[1,5]            0.455   0.163   0.092   0.355   0.468   0.575   0.734 1.002  2000
rho.lf[2,5]            0.160   0.200  -0.245   0.025   0.168   0.302   0.523 1.001  4000
rho.lf[3,5]            0.087   0.204  -0.325  -0.047   0.094   0.228   0.464 1.002  2500
rho.lf[4,5]            0.349   0.185  -0.054   0.230   0.360   0.482   0.674 1.001  2800
rho.lf[5,5]            1.000   0.000   1.000   1.000   1.000   1.000   1.000 1.000     1
rho.ph[1,1]            1.000   0.000   1.000   1.000   1.000   1.000   1.000 1.000     1
rho.ph[2,1]           -0.070   0.281  -0.586  -0.270  -0.080   0.133   0.491 1.001  4000
rho.ph[3,1]            0.120   0.294  -0.460  -0.089   0.132   0.339   0.645 1.002  1600
rho.ph[1,2]           -0.070   0.281  -0.586  -0.270  -0.080   0.133   0.491 1.001  4000
rho.ph[2,2]            1.000   0.000   1.000   1.000   1.000   1.000   1.000 1.000     1
rho.ph[3,2]            0.265   0.270  -0.315   0.085   0.284   0.468   0.716 1.001  3200
rho.ph[1,3]            0.120   0.294  -0.460  -0.089   0.132   0.339   0.645 1.002  1600
rho.ph[2,3]            0.265   0.270  -0.315   0.085   0.284   0.468   0.716 1.001  3200
rho.ph[3,3]            1.000   0.000   1.000   1.000   1.000   1.000   1.000 1.000     1
sigmasq.cond           0.461   0.191   0.218   0.329   0.423   0.542   0.939 1.002  1700
sigmasq.indiv.cond     0.615   0.394   0.202   0.364   0.514   0.736   1.670 1.001  4000
sigmasq.indiv.fluor    0.586   0.434   0.188   0.338   0.478   0.695   1.616 1.001  4000
sigmasq.indiv.lftemp   0.902   0.948   0.217   0.429   0.635   1.023   3.280 1.001  4000
sigmasq.indiv.trans    1.626   1.338   0.383   0.840   1.277   1.966   4.985 1.004   750
sigmasq.photo          0.726   0.292   0.354   0.526   0.667   0.858   1.436 1.002  2200
deviance             137.409  16.902 104.699 126.072 137.055 148.538 170.783 1.002  1900

For each parameter, n.eff is a crude measure of effective sample size,
and Rhat is the potential scale reduction factor (at convergence, Rhat=1).

DIC info (using the rule, pD = var(deviance)/2)
pD = 142.7 and DIC = 280.1
DIC is an estimate of expected predictive error (lower deviance is better).
