Path analysis results at Kleinmond 
 physiology-path-analysis-model-2.txt 

Inference for Bugs model at "physiology-path-analysis-model-2.txt", fit using jags,
 5 chains, each with 25000 iterations (first 5000 discarded), n.thin = 25
 n.sims = 4000 iterations saved
                   mu.vect sd.vect   2.5%    25%    50%    75%   97.5%  Rhat n.eff
beta.cond.humid     -0.517   0.414 -1.362 -0.777 -0.510 -0.242   0.276 1.001  3200
beta.cond.lfarea     0.316   0.227 -0.134  0.171  0.315  0.463   0.761 1.002  2200
beta.cond.lwr       -0.152   0.219 -0.591 -0.290 -0.152 -0.011   0.279 1.001  4000
beta.cond.sdi        0.121   0.363 -0.608 -0.116  0.126  0.356   0.824 1.001  4000
beta.cond.sla        0.387   0.323 -0.235  0.173  0.380  0.589   1.049 1.001  4000
beta.cond.spi       -0.020   0.212 -0.444 -0.157 -0.018  0.120   0.387 1.001  4000
beta.cond.temp      -0.673   0.354 -1.400 -0.897 -0.665 -0.441   0.010 1.001  4000
beta.fluor.humid    -0.036   0.423 -0.893 -0.303 -0.029  0.237   0.769 1.001  4000
beta.fluor.lfarea   -0.135   0.211 -0.561 -0.268 -0.132  0.004   0.269 1.001  4000
beta.fluor.lwr       0.080   0.210 -0.331 -0.059  0.080  0.220   0.507 1.002  1500
beta.fluor.sdi       0.401   0.355 -0.307  0.171  0.404  0.632   1.101 1.001  4000
beta.fluor.sla       0.029   0.293 -0.551 -0.169  0.036  0.224   0.607 1.001  4000
beta.fluor.spi       0.163   0.190 -0.211  0.035  0.158  0.287   0.538 1.002  2600
beta.fluor.temp     -0.212   0.361 -0.905 -0.448 -0.222  0.008   0.558 1.002  1900
beta.lftemp.humid    0.025   0.513 -1.012 -0.294  0.035  0.364   1.003 1.001  4000
beta.lftemp.lfarea  -0.146   0.270 -0.654 -0.319 -0.146  0.027   0.424 1.001  4000
beta.lftemp.lwr     -0.218   0.265 -0.730 -0.394 -0.215 -0.045   0.306 1.001  4000
beta.lftemp.sdi      0.380   0.459 -0.508  0.079  0.378  0.673   1.306 1.002  1900
beta.lftemp.sla     -0.292   0.378 -1.054 -0.534 -0.290 -0.041   0.443 1.001  3600
beta.lftemp.spi     -0.083   0.245 -0.573 -0.240 -0.084  0.081   0.396 1.001  3300
beta.lftemp.temp     0.287   0.503 -0.861  0.020  0.322  0.614   1.181 1.001  3000
beta.photo.cond      0.363   0.522 -0.667  0.034  0.354  0.699   1.415 1.001  4000
beta.photo.fluor    -0.099   0.330 -0.748 -0.311 -0.105  0.114   0.564 1.001  4000
beta.photo.humid    -0.062   0.325 -0.724 -0.263 -0.063  0.147   0.584 1.001  4000
beta.photo.lftemp   -0.324   0.280 -0.881 -0.507 -0.323 -0.148   0.224 1.000  4000
beta.photo.temp      0.131   0.394 -0.670 -0.126  0.139  0.394   0.910 1.000  4000
beta.trans.humid    -0.785   0.584 -1.917 -1.171 -0.803 -0.413   0.407 1.001  4000
beta.trans.lfarea    0.336   0.290 -0.244  0.154  0.341  0.523   0.914 1.002  2100
beta.trans.lwr      -0.111   0.284 -0.671 -0.294 -0.111  0.076   0.449 1.001  4000
beta.trans.sdi      -0.270   0.479 -1.237 -0.583 -0.261  0.039   0.661 1.001  4000
beta.trans.sla       0.522   0.414 -0.275  0.244  0.514  0.783   1.357 1.001  4000
beta.trans.spi      -0.058   0.267 -0.599 -0.229 -0.057  0.115   0.467 1.002  2300
beta.trans.temp     -0.376   0.494 -1.377 -0.686 -0.371 -0.058   0.613 1.001  4000
beta.wue.cond       -1.534   0.121 -1.779 -1.611 -1.536 -1.457  -1.303 1.002  1700
beta.wue.photo       0.947   0.104  0.752  0.878  0.947  1.012   1.151 1.001  3300
rho.lf[1,1]          1.000   0.000  1.000  1.000  1.000  1.000   1.000 1.000     1
rho.lf[2,1]         -0.127   0.201 -0.504 -0.267 -0.132  0.006   0.270 1.003  1400
rho.lf[3,1]          0.146   0.202 -0.262  0.013  0.153  0.284   0.517 1.001  4000
rho.lf[4,1]          0.243   0.194 -0.158  0.113  0.253  0.379   0.594 1.002  2500
rho.lf[5,1]          0.453   0.164  0.089  0.354  0.469  0.573   0.724 1.002  2400
rho.lf[1,2]         -0.127   0.201 -0.504 -0.267 -0.132  0.006   0.270 1.003  1400
rho.lf[2,2]          1.000   0.000  1.000  1.000  1.000  1.000   1.000 1.000     1
rho.lf[3,2]          0.018   0.203 -0.383 -0.122  0.018  0.154   0.416 1.001  2700
rho.lf[4,2]          0.124   0.204 -0.294 -0.012  0.130  0.269   0.503 1.001  4000
rho.lf[5,2]          0.164   0.201 -0.244  0.033  0.167  0.303   0.538 1.001  4000
rho.lf[1,3]          0.146   0.202 -0.262  0.013  0.153  0.284   0.517 1.001  4000
rho.lf[2,3]          0.018   0.203 -0.383 -0.122  0.018  0.154   0.416 1.001  2700
rho.lf[3,3]          1.000   0.000  1.000  1.000  1.000  1.000   1.000 1.000     1
rho.lf[4,3]         -0.135   0.201 -0.502 -0.280 -0.138  0.001   0.272 1.001  4000
rho.lf[5,3]          0.087   0.206 -0.325 -0.052  0.092  0.235   0.476 1.001  4000
rho.lf[1,4]          0.243   0.194 -0.158  0.113  0.253  0.379   0.594 1.002  2500
rho.lf[2,4]          0.124   0.204 -0.294 -0.012  0.130  0.269   0.503 1.001  4000
rho.lf[3,4]         -0.135   0.201 -0.502 -0.280 -0.138  0.001   0.272 1.001  4000
rho.lf[4,4]          1.000   0.000  1.000  1.000  1.000  1.000   1.000 1.000     1
rho.lf[5,4]          0.352   0.182 -0.048  0.238  0.369  0.482   0.668 1.001  4000
rho.lf[1,5]          0.453   0.164  0.089  0.354  0.469  0.573   0.724 1.002  2400
rho.lf[2,5]          0.164   0.201 -0.244  0.033  0.167  0.303   0.538 1.001  4000
rho.lf[3,5]          0.087   0.206 -0.325 -0.052  0.092  0.235   0.476 1.001  4000
rho.lf[4,5]          0.352   0.182 -0.048  0.238  0.369  0.482   0.668 1.001  4000
rho.lf[5,5]          1.000   0.000  1.000  1.000  1.000  1.000   1.000 1.000     1
rho.ph[1,1]          1.000   0.000  1.000  1.000  1.000  1.000   1.000 1.000     1
rho.ph[2,1]         -0.066   0.277 -0.595 -0.265 -0.064  0.129   0.479 1.001  4000
rho.ph[3,1]          0.174   0.292 -0.433 -0.022  0.192  0.388   0.694 1.001  2900
rho.ph[4,1]          0.100   0.287 -0.476 -0.096  0.112  0.307   0.621 1.002  2200
rho.ph[1,2]         -0.066   0.277 -0.595 -0.265 -0.064  0.129   0.479 1.001  4000
rho.ph[2,2]          1.000   0.000  1.000  1.000  1.000  1.000   1.000 1.000     1
rho.ph[3,2]          0.244   0.277 -0.331  0.057  0.258  0.449   0.722 1.001  4000
rho.ph[4,2]          0.290   0.261 -0.268  0.121  0.314  0.482   0.739 1.001  4000
rho.ph[1,3]          0.174   0.292 -0.433 -0.022  0.192  0.388   0.694 1.001  2900
rho.ph[2,3]          0.244   0.277 -0.331  0.057  0.258  0.449   0.722 1.001  4000
rho.ph[3,3]          1.000   0.000  1.000  1.000  1.000  1.000   1.000 1.000     1
rho.ph[4,3]          0.710   0.153  0.333  0.632  0.741  0.824   0.913 1.001  4000
rho.ph[1,4]          0.100   0.287 -0.476 -0.096  0.112  0.307   0.621 1.002  2200
rho.ph[2,4]          0.290   0.261 -0.268  0.121  0.314  0.482   0.739 1.001  4000
rho.ph[3,4]          0.710   0.153  0.333  0.632  0.741  0.824   0.913 1.001  4000
rho.ph[4,4]          1.000   0.000  1.000  1.000  1.000  1.000   1.000 1.000     1
sigmasq.cond         0.544   0.350  0.173  0.318  0.453  0.659   1.514 1.001  4000
sigmasq.fluor        0.596   0.427  0.184  0.342  0.487  0.709   1.715 1.001  2900
sigmasq.lftemp       0.910   1.108  0.198  0.426  0.651  1.043   3.185 1.002  1600
sigmasq.photo        0.705   0.281  0.348  0.509  0.648  0.828   1.393 1.000  4000
sigmasq.trans        1.252   1.037  0.315  0.663  1.005  1.527   3.629 1.001  4000
sigmasq.wue          0.112   0.060  0.059  0.084  0.104  0.130   0.205 1.001  4000
deviance            69.183  19.345 32.619 55.580 68.931 82.216 108.442 1.002  1600

For each parameter, n.eff is a crude measure of effective sample size,
and Rhat is the potential scale reduction factor (at convergence, Rhat=1).

DIC info (using the rule, pD = var(deviance)/2)
pD = 186.8 and DIC = 256.0
DIC is an estimate of expected predictive error (lower deviance is better).
