beta.par:             6 
max.r:                0.4 

Inference for Bugs model at "traits-environment.txt", fit using jags,
 5 chains, each with 25000 iterations (first 5000 discarded), n.thin = 25
 n.sims = 4000 iterations saved
                    mu.vect sd.vect     2.5%      25%      50%      75%    97.5%  Rhat n.eff
Sigma.resid[1,1]      0.891   0.039    0.816    0.865    0.890    0.918    0.971 1.001  4000
Sigma.resid[2,1]     -0.250   0.021   -0.289   -0.264   -0.250   -0.236   -0.209 1.001  4000
Sigma.resid[3,1]     -0.009   0.020   -0.048   -0.022   -0.009    0.004    0.030 1.002  1800
Sigma.resid[4,1]     -0.009   0.048   -0.104   -0.042   -0.010    0.023    0.084 1.001  3200
Sigma.resid[5,1]     -0.087   0.047   -0.178   -0.118   -0.087   -0.054    0.004 1.002  1900
Sigma.resid[1,2]     -0.250   0.021   -0.289   -0.264   -0.250   -0.236   -0.209 1.001  4000
Sigma.resid[2,2]      0.696   0.034    0.634    0.673    0.695    0.718    0.766 1.001  4000
Sigma.resid[3,2]     -0.063   0.018   -0.100   -0.075   -0.063   -0.051   -0.028 1.001  3600
Sigma.resid[4,2]     -0.120   0.043   -0.203   -0.149   -0.119   -0.090   -0.037 1.001  4000
Sigma.resid[5,2]      0.112   0.040    0.031    0.085    0.112    0.139    0.189 1.001  4000
Sigma.resid[1,3]     -0.009   0.020   -0.048   -0.022   -0.009    0.004    0.030 1.002  1800
Sigma.resid[2,3]     -0.063   0.018   -0.100   -0.075   -0.063   -0.051   -0.028 1.001  3600
Sigma.resid[3,3]      0.470   0.021    0.431    0.455    0.469    0.483    0.513 1.002  2200
Sigma.resid[4,3]     -0.006   0.037   -0.076   -0.031   -0.006    0.019    0.065 1.001  4000
Sigma.resid[5,3]      0.053   0.035   -0.015    0.029    0.052    0.076    0.123 1.002  1900
Sigma.resid[1,4]     -0.009   0.048   -0.104   -0.042   -0.010    0.023    0.084 1.001  3200
Sigma.resid[2,4]     -0.120   0.043   -0.203   -0.149   -0.119   -0.090   -0.037 1.001  4000
Sigma.resid[3,4]     -0.006   0.037   -0.076   -0.031   -0.006    0.019    0.065 1.001  4000
Sigma.resid[4,4]      0.867   0.083    0.716    0.808    0.860    0.922    1.046 1.002  1600
Sigma.resid[5,4]      0.227   0.037    0.153    0.203    0.228    0.252    0.297 1.001  4000
Sigma.resid[1,5]     -0.087   0.047   -0.178   -0.118   -0.087   -0.054    0.004 1.002  1900
Sigma.resid[2,5]      0.112   0.040    0.031    0.085    0.112    0.139    0.189 1.001  4000
Sigma.resid[3,5]      0.053   0.035   -0.015    0.029    0.052    0.076    0.123 1.002  1900
Sigma.resid[4,5]      0.227   0.037    0.153    0.203    0.228    0.252    0.297 1.001  4000
Sigma.resid[5,5]      0.782   0.074    0.651    0.730    0.777    0.829    0.941 1.002  1400
Sigma.species[1,1]    0.103   0.050    0.040    0.068    0.093    0.124    0.230 1.001  4000
Sigma.species[2,1]   -0.007   0.018   -0.044   -0.018   -0.007    0.004    0.028 1.002  2500
Sigma.species[3,1]   -0.016   0.025   -0.064   -0.031   -0.017   -0.002    0.037 1.001  4000
Sigma.species[4,1]    0.001   0.010   -0.018   -0.004    0.001    0.007    0.021 1.001  4000
Sigma.species[5,1]   -0.005   0.014   -0.034   -0.013   -0.005    0.003    0.024 1.002  2300
Sigma.species[1,2]   -0.007   0.018   -0.044   -0.018   -0.007    0.004    0.028 1.002  2500
Sigma.species[2,2]    0.282   0.117    0.132    0.200    0.258    0.335    0.578 1.002  1800
Sigma.species[3,2]   -0.037   0.041   -0.118   -0.063   -0.038   -0.013    0.043 1.002  4000
Sigma.species[4,2]   -0.003   0.016   -0.038   -0.012   -0.002    0.005    0.029 1.003  1300
Sigma.species[5,2]    0.010   0.023   -0.034   -0.003    0.010    0.024    0.056 1.002  2400
Sigma.species[1,3]   -0.016   0.025   -0.064   -0.031   -0.017   -0.002    0.037 1.001  4000
Sigma.species[2,3]   -0.037   0.041   -0.118   -0.063   -0.038   -0.013    0.043 1.002  4000
Sigma.species[3,3]    0.552   0.215    0.268    0.403    0.506    0.653    1.080 1.003  1300
Sigma.species[4,3]   -0.006   0.022   -0.052   -0.017   -0.004    0.006    0.038 1.002  2600
Sigma.species[5,3]   -0.002   0.032   -0.067   -0.022   -0.002    0.017    0.064 1.001  4000
Sigma.species[1,4]    0.001   0.010   -0.018   -0.004    0.001    0.007    0.021 1.001  4000
Sigma.species[2,4]   -0.003   0.016   -0.038   -0.012   -0.002    0.005    0.029 1.003  1300
Sigma.species[3,4]   -0.006   0.022   -0.052   -0.017   -0.004    0.006    0.038 1.002  2600
Sigma.species[4,4]    0.072   0.059    0.002    0.030    0.059    0.097    0.220 1.014  1200
Sigma.species[5,4]    0.002   0.012   -0.022   -0.004    0.001    0.008    0.028 1.001  3000
Sigma.species[1,5]   -0.005   0.014   -0.034   -0.013   -0.005    0.003    0.024 1.002  2300
Sigma.species[2,5]    0.010   0.023   -0.034   -0.003    0.010    0.024    0.056 1.002  2400
Sigma.species[3,5]   -0.002   0.032   -0.067   -0.022   -0.002    0.017    0.064 1.001  4000
Sigma.species[4,5]    0.002   0.012   -0.022   -0.004    0.001    0.008    0.028 1.001  3000
Sigma.species[5,5]    0.167   0.095    0.049    0.102    0.147    0.210    0.406 1.002  1900
beta.map[1]          -0.180   0.095   -0.370   -0.241   -0.180   -0.119    0.010 1.001  3900
beta.map[2]           0.275   0.146   -0.009    0.178    0.277    0.372    0.557 1.002  1600
beta.map[3]          -0.187   0.200   -0.603   -0.313   -0.188   -0.057    0.205 1.004  1300
beta.map[4]           0.177   0.103   -0.027    0.110    0.177    0.244    0.380 1.001  3600
beta.map[5]           0.146   0.135   -0.125    0.061    0.146    0.233    0.414 1.002  2200
beta.mat[1]          -0.031   0.080   -0.186   -0.082   -0.031    0.018    0.132 1.001  4000
beta.mat[2]           0.101   0.122   -0.137    0.021    0.099    0.180    0.344 1.002  1700
beta.mat[3]           0.037   0.167   -0.303   -0.070    0.040    0.146    0.360 1.002  2200
beta.mat[4]           0.194   0.086    0.025    0.138    0.195    0.251    0.368 1.001  4000
beta.mat[5]           0.210   0.109   -0.005    0.141    0.208    0.281    0.430 1.002  1800
beta.ratio[1]         0.216   0.084    0.053    0.161    0.215    0.272    0.383 1.002  1900
beta.ratio[2]        -0.101   0.134   -0.373   -0.190   -0.101   -0.011    0.156 1.003  1200
beta.ratio[3]         0.034   0.172   -0.298   -0.077    0.032    0.150    0.369 1.012   260
beta.ratio[4]        -0.251   0.093   -0.435   -0.310   -0.252   -0.192   -0.067 1.001  4000
beta.ratio[5]        -0.080   0.118   -0.315   -0.157   -0.082   -0.001    0.154 1.002  1800
rho.resid[1,1]        1.000   0.000    1.000    1.000    1.000    1.000    1.000 1.000     1
rho.resid[2,1]       -0.317   0.022   -0.357   -0.333   -0.318   -0.303   -0.270 1.001  4000
rho.resid[3,1]       -0.014   0.031   -0.073   -0.035   -0.014    0.007    0.047 1.002  1800
rho.resid[4,1]       -0.011   0.055   -0.116   -0.048   -0.011    0.026    0.097 1.001  3400
rho.resid[5,1]       -0.104   0.055   -0.212   -0.142   -0.105   -0.066    0.005 1.002  1700
rho.resid[1,2]       -0.317   0.022   -0.357   -0.333   -0.318   -0.303   -0.270 1.001  4000
rho.resid[2,2]        1.000   0.000    1.000    1.000    1.000    1.000    1.000 1.000     1
rho.resid[3,2]       -0.111   0.032   -0.174   -0.132   -0.111   -0.089   -0.050 1.001  3700
rho.resid[4,2]       -0.153   0.052   -0.250   -0.190   -0.155   -0.118   -0.050 1.001  4000
rho.resid[5,2]        0.151   0.052    0.043    0.117    0.152    0.187    0.247 1.001  4000
rho.resid[1,3]       -0.014   0.031   -0.073   -0.035   -0.014    0.007    0.047 1.002  1800
rho.resid[2,3]       -0.111   0.032   -0.174   -0.132   -0.111   -0.089   -0.050 1.001  3700
rho.resid[3,3]        1.000   0.000    1.000    1.000    1.000    1.000    1.000 1.000     1
rho.resid[4,3]       -0.010   0.057   -0.119   -0.049   -0.010    0.030    0.101 1.001  4000
rho.resid[5,3]        0.087   0.057   -0.024    0.048    0.087    0.126    0.197 1.002  2300
rho.resid[1,4]       -0.011   0.055   -0.116   -0.048   -0.011    0.026    0.097 1.001  3400
rho.resid[2,4]       -0.153   0.052   -0.250   -0.190   -0.155   -0.118   -0.050 1.001  4000
rho.resid[3,4]       -0.010   0.057   -0.119   -0.049   -0.010    0.030    0.101 1.001  4000
rho.resid[4,4]        1.000   0.000    1.000    1.000    1.000    1.000    1.000 1.000     1
rho.resid[5,4]        0.276   0.039    0.191    0.252    0.279    0.304    0.344 1.002  2300
rho.resid[1,5]       -0.104   0.055   -0.212   -0.142   -0.105   -0.066    0.005 1.002  1700
rho.resid[2,5]        0.151   0.052    0.043    0.117    0.152    0.187    0.247 1.001  4000
rho.resid[3,5]        0.087   0.057   -0.024    0.048    0.087    0.126    0.197 1.002  2300
rho.resid[4,5]        0.276   0.039    0.191    0.252    0.279    0.304    0.344 1.002  2300
rho.resid[5,5]        1.000   0.000    1.000    1.000    1.000    1.000    1.000 1.000     1
rho.species[1,1]      1.000   0.000    1.000    1.000    1.000    1.000    1.000 1.000     1
rho.species[2,1]     -0.047   0.102   -0.236   -0.122   -0.048    0.023    0.163 1.002  2400
rho.species[3,1]     -0.074   0.102   -0.259   -0.149   -0.079   -0.008    0.138 1.001  4000
rho.species[4,1]      0.019   0.110   -0.191   -0.058    0.019    0.101    0.229 1.001  3900
rho.species[5,1]     -0.042   0.106   -0.239   -0.118   -0.046    0.030    0.176 1.001  3000
rho.species[1,2]     -0.047   0.102   -0.236   -0.122   -0.048    0.023    0.163 1.002  2400
rho.species[2,2]      1.000   0.000    1.000    1.000    1.000    1.000    1.000 1.000     1
rho.species[3,2]     -0.102   0.099   -0.273   -0.173   -0.109   -0.036    0.106 1.001  4000
rho.species[4,2]     -0.023   0.110   -0.228   -0.101   -0.026    0.055    0.194 1.003  1300
rho.species[5,2]      0.052   0.103   -0.163   -0.018    0.057    0.127    0.238 1.002  2100
rho.species[1,3]     -0.074   0.102   -0.259   -0.149   -0.079   -0.008    0.138 1.001  4000
rho.species[2,3]     -0.102   0.099   -0.273   -0.173   -0.109   -0.036    0.106 1.001  4000
rho.species[3,3]      1.000   0.000    1.000    1.000    1.000    1.000    1.000 1.000     1
rho.species[4,3]     -0.030   0.108   -0.232   -0.110   -0.031    0.045    0.186 1.002  1900
rho.species[5,3]     -0.009   0.105   -0.213   -0.082   -0.009    0.064    0.193 1.001  4000
rho.species[1,4]      0.019   0.110   -0.191   -0.058    0.019    0.101    0.229 1.001  3900
rho.species[2,4]     -0.023   0.110   -0.228   -0.101   -0.026    0.055    0.194 1.003  1300
rho.species[3,4]     -0.030   0.108   -0.232   -0.110   -0.031    0.045    0.186 1.002  1900
rho.species[4,4]      1.000   0.000    1.000    1.000    1.000    1.000    1.000 1.000     1
rho.species[5,4]      0.017   0.108   -0.195   -0.059    0.020    0.095    0.218 1.001  4000
rho.species[1,5]     -0.042   0.106   -0.239   -0.118   -0.046    0.030    0.176 1.001  3000
rho.species[2,5]      0.052   0.103   -0.163   -0.018    0.057    0.127    0.238 1.002  2100
rho.species[3,5]     -0.009   0.105   -0.213   -0.082   -0.009    0.064    0.193 1.001  4000
rho.species[4,5]      0.017   0.108   -0.195   -0.059    0.020    0.095    0.218 1.001  4000
rho.species[5,5]      1.000   0.000    1.000    1.000    1.000    1.000    1.000 1.000     1
yr[1]                -0.299   0.056   -0.407   -0.336   -0.299   -0.260   -0.189 1.001  4000
yr[2]                 0.439   0.049    0.340    0.407    0.439    0.472    0.535 1.002  2300
yr[3]                 0.240   0.042    0.160    0.213    0.241    0.269    0.320 1.000  4000
yr[4]                 0.000   0.000    0.000    0.000    0.000    0.000    0.000 1.000     1
yr[5]                 0.000   0.000    0.000    0.000    0.000    0.000    0.000 1.000     1
deviance           2093.665  16.222 2063.735 2082.520 2093.331 2104.440 2126.137 1.001  4000

For each parameter, n.eff is a crude measure of effective sample size,
and Rhat is the potential scale reduction factor (at convergence, Rhat=1).

DIC info (using the rule, pD = var(deviance)/2)
pD = 131.6 and DIC = 2225.3
DIC is an estimate of expected predictive error (lower deviance is better).
