Path analysis results at De Hoop 

Inference for Bugs model at "physiology-path-analysis-with-wue.txt", fit using jags,
 5 chains, each with 25000 iterations (first 5000 discarded), n.thin = 25
 n.sims = 4000 iterations saved
                   mu.vect sd.vect    2.5%     25%     50%     75%   97.5%  Rhat n.eff
beta.fluor.humid    -0.984   0.390  -1.725  -1.247  -0.990  -0.728  -0.193 1.002  2500
beta.fluor.lfarea   -0.204   0.336  -0.856  -0.430  -0.207   0.016   0.466 1.001  2800
beta.fluor.lwr       0.508   0.370  -0.212   0.260   0.513   0.746   1.267 1.001  3700
beta.fluor.sdi       0.521   0.231   0.086   0.366   0.516   0.667   1.001 1.001  4000
beta.fluor.sla      -0.141   0.255  -0.654  -0.309  -0.142   0.024   0.360 1.001  4000
beta.fluor.spi      -0.212   0.263  -0.723  -0.381  -0.213  -0.040   0.294 1.001  3300
beta.fluor.temp     -0.359   0.293  -0.944  -0.549  -0.365  -0.169   0.237 1.001  4000
beta.lftemp.humid   -0.855   0.369  -1.619  -1.092  -0.848  -0.608  -0.146 1.002  2000
beta.lftemp.lfarea  -0.110   0.239  -0.599  -0.266  -0.102   0.049   0.345 1.001  3500
beta.lftemp.lwr      0.441   0.279  -0.108   0.257   0.442   0.625   0.990 1.001  3700
beta.lftemp.sdi      0.108   0.160  -0.204   0.005   0.106   0.207   0.423 1.001  4000
beta.lftemp.sla      0.422   0.190   0.058   0.296   0.420   0.549   0.793 1.001  4000
beta.lftemp.spi     -0.595   0.195  -0.994  -0.719  -0.592  -0.468  -0.218 1.002  2400
beta.lftemp.temp     0.214   0.279  -0.362   0.034   0.227   0.406   0.732 1.001  4000
beta.photo.fluor     0.289   0.137   0.013   0.199   0.288   0.378   0.565 1.001  4000
beta.photo.humid     0.018   0.194  -0.358  -0.106   0.017   0.140   0.422 1.001  4000
beta.photo.lftemp   -0.392   0.147  -0.684  -0.489  -0.392  -0.296  -0.102 1.001  4000
beta.photo.temp     -0.680   0.187  -1.036  -0.807  -0.682  -0.558  -0.308 1.001  3500
beta.photo.trans     0.470   0.193   0.101   0.341   0.472   0.599   0.859 1.001  4000
beta.trans.humid     0.073   0.273  -0.460  -0.109   0.072   0.251   0.611 1.001  4000
beta.trans.lfarea    0.295   0.232  -0.155   0.144   0.293   0.447   0.743 1.001  4000
beta.trans.lwr      -0.044   0.271  -0.595  -0.218  -0.046   0.132   0.485 1.000  4000
beta.trans.sdi       0.414   0.152   0.108   0.314   0.413   0.512   0.713 1.001  4000
beta.trans.sla       0.067   0.181  -0.292  -0.051   0.064   0.186   0.430 1.001  4000
beta.trans.spi       0.349   0.179  -0.007   0.236   0.351   0.470   0.706 1.002  2600
beta.trans.temp     -0.103   0.208  -0.503  -0.241  -0.106   0.033   0.312 1.001  4000
beta.wue.humid      -0.910   1.165  -3.215  -1.688  -0.907  -0.141   1.452 1.001  2900
beta.wue.lfarea      0.708   1.128  -1.435  -0.039   0.700   1.450   2.957 1.001  4000
beta.wue.lwr        -0.156   1.074  -2.286  -0.860  -0.171   0.569   1.950 1.002  2000
beta.wue.sdi        -1.111   0.786  -2.677  -1.626  -1.111  -0.595   0.495 1.001  4000
beta.wue.sla        -0.428   0.741  -1.875  -0.917  -0.426   0.059   1.008 1.001  4000
beta.wue.spi        -1.192   0.876  -2.915  -1.768  -1.196  -0.608   0.472 1.001  4000
beta.wue.temp        0.410   0.878  -1.313  -0.165   0.415   0.988   2.114 1.003  1300
mu.lf[1]             0.449   0.188   0.080   0.321   0.454   0.577   0.806 1.001  4000
mu.lf[2]            -0.606   0.108  -0.820  -0.676  -0.606  -0.536  -0.392 1.000  4000
mu.lf[3]            -0.601   0.134  -0.863  -0.691  -0.601  -0.512  -0.333 1.001  4000
mu.lf[4]            -0.321   0.166  -0.657  -0.430  -0.320  -0.213   0.002 1.001  3500
mu.lf[5]             0.664   0.162   0.342   0.561   0.662   0.772   0.988 1.001  4000
mu.ph[1,1]           1.180   0.373   0.466   0.940   1.176   1.414   1.933 1.001  2700
mu.ph[2,1]           0.659   0.385  -0.104   0.414   0.662   0.899   1.420 1.001  4000
mu.ph[3,1]          -0.562   0.317  -1.186  -0.765  -0.560  -0.364   0.062 1.001  4000
mu.ph[4,1]          -0.982   0.315  -1.630  -1.182  -0.973  -0.777  -0.375 1.001  4000
mu.ph[5,1]          -0.408   0.345  -1.079  -0.630  -0.412  -0.188   0.296 1.001  4000
mu.ph[6,1]          -1.228   0.353  -1.957  -1.456  -1.224  -1.004  -0.529 1.001  3800
mu.ph[7,1]           0.798   0.266   0.247   0.630   0.806   0.979   1.292 1.001  4000
mu.ph[8,1]           0.622   0.280   0.060   0.447   0.629   0.808   1.143 1.001  4000
mu.ph[9,1]          -0.175   0.256  -0.682  -0.341  -0.178  -0.010   0.334 1.003   970
mu.ph[10,1]         -0.185   0.288  -0.723  -0.379  -0.187   0.001   0.400 1.003  1300
mu.ph[11,1]          1.249   0.370   0.498   1.012   1.250   1.495   1.963 1.001  3900
mu.ph[12,1]          1.519   0.399   0.708   1.263   1.527   1.779   2.305 1.001  4000
mu.ph[13,1]         -1.019   0.369  -1.717  -1.268  -1.028  -0.784  -0.265 1.002  2600
mu.ph[14,1]         -0.807   0.314  -1.391  -1.019  -0.816  -0.608  -0.150 1.001  3200
mu.ph[15,1]          0.159   0.343  -0.488  -0.070   0.144   0.376   0.897 1.001  4000
mu.ph[16,1]          0.314   0.335  -0.335   0.091   0.319   0.526   0.991 1.001  4000
mu.ph[17,1]         -0.592   0.343  -1.259  -0.819  -0.599  -0.377   0.112 1.002  2000
mu.ph[18,1]         -1.128   0.336  -1.811  -1.338  -1.126  -0.916  -0.470 1.002  1900
mu.ph[19,1]          0.942   0.391   0.139   0.685   0.958   1.201   1.701 1.002  1800
mu.ph[20,1]          1.155   0.367   0.394   0.918   1.167   1.393   1.858 1.001  4000
mu.ph[21,1]          0.336   0.325  -0.339   0.126   0.339   0.564   0.951 1.001  2900
mu.ph[22,1]          1.020   0.331   0.370   0.801   1.025   1.236   1.657 1.001  4000
mu.ph[23,1]          0.648   0.348  -0.026   0.414   0.650   0.878   1.327 1.001  4000
mu.ph[24,1]          1.136   0.339   0.452   0.915   1.141   1.359   1.810 1.001  4000
mu.ph[25,1]          0.345   0.322  -0.324   0.141   0.354   0.556   0.948 1.001  4000
mu.ph[26,1]          0.778   0.315   0.135   0.577   0.782   0.982   1.373 1.001  4000
mu.ph[1,2]           1.478   0.520   0.436   1.138   1.483   1.828   2.506 1.002  1500
mu.ph[2,2]           0.229   0.576  -0.959  -0.122   0.235   0.604   1.356 1.001  4000
mu.ph[3,2]           0.633   0.448  -0.265   0.338   0.637   0.939   1.489 1.001  4000
mu.ph[4,2]           0.513   0.453  -0.388   0.220   0.509   0.816   1.389 1.001  4000
mu.ph[5,2]          -0.330   0.502  -1.308  -0.660  -0.342  -0.004   0.679 1.002  2300
mu.ph[6,2]          -0.758   0.518  -1.756  -1.105  -0.760  -0.418   0.263 1.001  4000
mu.ph[7,2]           1.363   0.365   0.617   1.134   1.377   1.604   2.044 1.003  1400
mu.ph[8,2]           1.237   0.367   0.496   1.009   1.245   1.479   1.960 1.002  1600
mu.ph[9,2]           0.436   0.363  -0.294   0.205   0.433   0.665   1.123 1.001  4000
mu.ph[10,2]          0.241   0.406  -0.558  -0.033   0.245   0.510   1.029 1.001  4000
mu.ph[11,2]          1.913   0.543   0.820   1.568   1.925   2.259   2.955 1.001  3400
mu.ph[12,2]          1.048   0.557  -0.064   0.686   1.050   1.417   2.200 1.001  4000
mu.ph[13,2]          1.081   0.523   0.064   0.732   1.076   1.414   2.114 1.002  1700
mu.ph[14,2]          0.195   0.420  -0.661  -0.083   0.193   0.471   1.022 1.002  2100
mu.ph[15,2]         -0.449   0.500  -1.421  -0.779  -0.459  -0.129   0.578 1.001  3200
mu.ph[16,2]         -1.150   0.502  -2.103  -1.481  -1.157  -0.829  -0.120 1.001  4000
mu.ph[17,2]         -1.334   0.506  -2.282  -1.663  -1.340  -1.013  -0.330 1.001  3300
mu.ph[18,2]         -1.773   0.508  -2.709  -2.108  -1.791  -1.439  -0.746 1.001  4000
mu.ph[19,2]         -0.338   0.554  -1.403  -0.708  -0.338   0.023   0.789 1.001  4000
mu.ph[20,2]         -1.259   0.515  -2.272  -1.597  -1.264  -0.915  -0.232 1.001  4000
mu.ph[21,2]          0.467   0.436  -0.413   0.183   0.469   0.760   1.317 1.001  4000
mu.ph[22,2]          1.264   0.476   0.311   0.957   1.256   1.577   2.175 1.003  1400
mu.ph[23,2]         -0.967   0.502  -1.963  -1.290  -0.967  -0.651   0.027 1.001  4000
mu.ph[24,2]         -0.044   0.502  -1.026  -0.374  -0.050   0.278   0.924 1.001  3500
mu.ph[25,2]          0.011   0.458  -0.894  -0.283   0.022   0.308   0.883 1.001  4000
mu.ph[26,2]         -0.475   0.464  -1.405  -0.782  -0.476  -0.173   0.426 1.001  4000
mu.ph[1,3]           0.669   0.358  -0.047   0.436   0.673   0.900   1.377 1.001  4000
mu.ph[2,3]           0.354   0.385  -0.412   0.102   0.366   0.605   1.095 1.001  4000
mu.ph[3,3]           0.475   0.311  -0.163   0.285   0.479   0.672   1.080 1.001  4000
mu.ph[4,3]           0.630   0.304   0.008   0.436   0.634   0.827   1.202 1.001  3200
mu.ph[5,3]          -0.285   0.337  -0.925  -0.511  -0.291  -0.071   0.404 1.001  4000
mu.ph[6,3]          -0.298   0.343  -0.969  -0.518  -0.305  -0.073   0.378 1.001  3200
mu.ph[7,3]          -0.401   0.240  -0.873  -0.557  -0.401  -0.243   0.074 1.001  2800
mu.ph[8,3]          -0.035   0.249  -0.529  -0.196  -0.034   0.126   0.458 1.001  2900
mu.ph[9,3]          -0.299   0.244  -0.763  -0.462  -0.302  -0.133   0.175 1.001  4000
mu.ph[10,3]         -0.752   0.273  -1.284  -0.932  -0.748  -0.576  -0.200 1.001  3400
mu.ph[11,3]         -0.320   0.361  -1.022  -0.553  -0.319  -0.088   0.415 1.001  4000
mu.ph[12,3]         -0.448   0.381  -1.204  -0.691  -0.446  -0.208   0.301 1.001  4000
mu.ph[13,3]          0.787   0.352   0.090   0.562   0.786   1.012   1.497 1.001  4000
mu.ph[14,3]         -0.272   0.287  -0.827  -0.460  -0.267  -0.081   0.275 1.001  4000
mu.ph[15,3]          0.014   0.334  -0.613  -0.205   0.004   0.226   0.684 1.001  3100
mu.ph[16,3]         -1.006   0.323  -1.661  -1.217  -1.012  -0.797  -0.365 1.001  4000
mu.ph[17,3]         -0.854   0.334  -1.498  -1.073  -0.857  -0.634  -0.172 1.002  2000
mu.ph[18,3]         -0.946   0.333  -1.602  -1.170  -0.944  -0.729  -0.279 1.002  2600
mu.ph[19,3]          1.062   0.372   0.355   0.818   1.055   1.299   1.808 1.001  4000
mu.ph[20,3]         -0.606   0.352  -1.295  -0.834  -0.605  -0.377   0.083 1.001  3600
mu.ph[21,3]          0.294   0.295  -0.298   0.104   0.301   0.483   0.877 1.001  4000
mu.ph[22,3]          0.181   0.310  -0.441  -0.019   0.182   0.381   0.808 1.002  2400
mu.ph[23,3]         -0.522   0.334  -1.204  -0.721  -0.517  -0.311   0.129 1.001  3700
mu.ph[24,3]          0.459   0.332  -0.205   0.245   0.460   0.672   1.120 1.001  4000
mu.ph[25,3]         -0.888   0.321  -1.496  -1.097  -0.902  -0.684  -0.231 1.001  4000
mu.ph[26,3]         -1.554   0.313  -2.155  -1.757  -1.559  -1.356  -0.917 1.001  4000
mu.ph[1,4]          -3.230   1.907  -6.877  -4.462  -3.246  -2.038   0.555 1.002  2500
mu.ph[2,4]          -2.783   2.221  -7.235  -4.265  -2.773  -1.281   1.553 1.002  2600
mu.ph[3,4]          -0.497   1.471  -3.401  -1.467  -0.505   0.444   2.475 1.001  4000
mu.ph[4,4]           0.060   1.470  -2.814  -0.917   0.050   1.038   2.990 1.001  4000
mu.ph[5,4]          -2.515   1.685  -5.917  -3.599  -2.479  -1.386   0.642 1.001  4000
mu.ph[6,4]          -0.568   1.519  -3.659  -1.575  -0.530   0.465   2.316 1.001  4000
mu.ph[7,4]           0.155   1.133  -2.042  -0.603   0.173   0.918   2.352 1.001  4000
mu.ph[8,4]          -0.786   1.156  -3.088  -1.554  -0.752  -0.017   1.466 1.001  4000
mu.ph[9,4]          -1.482   1.204  -3.861  -2.282  -1.478  -0.692   0.910 1.001  4000
mu.ph[10,4]          0.187   1.230  -2.211  -0.640   0.146   1.004   2.655 1.001  4000
mu.ph[11,4]          0.518   1.917  -3.251  -0.742   0.500   1.810   4.205 1.001  4000
mu.ph[12,4]          3.912   1.976  -0.004   2.629   3.906   5.189   7.827 1.000  4000
mu.ph[13,4]         -2.302   1.881  -5.935  -3.535  -2.303  -1.042   1.396 1.000  4000
mu.ph[14,4]         -1.033   1.305  -3.603  -1.925  -1.038  -0.178   1.605 1.001  4000
mu.ph[15,4]         -0.258   1.599  -3.513  -1.305  -0.239   0.821   2.869 1.001  4000
mu.ph[16,4]          1.702   1.697  -1.633   0.573   1.738   2.821   5.037 1.002  2700
mu.ph[17,4]         -1.470   1.798  -5.031  -2.647  -1.437  -0.272   2.001 1.002  2400
mu.ph[18,4]         -2.111   1.824  -5.712  -3.320  -2.107  -0.890   1.385 1.001  3900
mu.ph[19,4]         -7.996   2.014 -11.822  -9.333  -7.986  -6.675  -4.066 1.001  4000
mu.ph[20,4]         -1.490   1.732  -4.943  -2.599  -1.469  -0.342   1.893 1.001  4000
mu.ph[21,4]         -1.693   1.131  -3.949  -2.421  -1.684  -0.957   0.475 1.002  2600
mu.ph[22,4]         -1.701   1.495  -4.642  -2.672  -1.710  -0.717   1.252 1.001  4000
mu.ph[23,4]         -0.028   1.888  -3.781  -1.297  -0.021   1.235   3.716 1.001  3600
mu.ph[24,4]         -2.186   1.808  -5.778  -3.379  -2.198  -1.029   1.299 1.001  4000
mu.ph[25,4]         -0.639   1.296  -3.128  -1.521  -0.663   0.195   2.010 1.001  4000
mu.ph[26,4]          1.935   1.375  -0.753   1.030   1.940   2.804   4.642 1.002  2700
mu.photo[1]         -0.437   0.232  -0.898  -0.591  -0.438  -0.281   0.004 1.001  4000
mu.photo[2]         -0.905   0.214  -1.320  -1.050  -0.906  -0.762  -0.489 1.001  2900
mu.photo[3]          1.409   0.192   1.014   1.283   1.410   1.534   1.785 1.001  3400
mu.photo[4]          1.710   0.233   1.239   1.560   1.713   1.862   2.167 1.001  4000
mu.photo[5]          0.481   0.216   0.034   0.340   0.484   0.624   0.909 1.001  4000
mu.photo[6]          0.327   0.217  -0.107   0.188   0.328   0.469   0.737 1.001  4000
mu.photo[7]          0.401   0.248  -0.089   0.240   0.398   0.560   0.900 1.002  1900
mu.photo[8]          0.662   0.212   0.239   0.524   0.662   0.802   1.073 1.001  2900
mu.photo[9]          1.158   0.247   0.673   0.996   1.155   1.314   1.670 1.003  1500
mu.photo[10]         0.793   0.286   0.222   0.608   0.791   0.980   1.368 1.002  1900
mu.photo[11]        -0.644   0.290  -1.214  -0.836  -0.641  -0.457  -0.079 1.001  4000
mu.photo[12]        -0.914   0.244  -1.391  -1.074  -0.910  -0.756  -0.428 1.001  4000
mu.photo[13]         1.156   0.216   0.737   1.015   1.159   1.294   1.578 1.001  4000
mu.photo[14]         0.858   0.214   0.441   0.720   0.860   0.994   1.276 1.001  4000
mu.photo[15]        -0.605   0.218  -1.023  -0.747  -0.601  -0.465  -0.176 1.001  4000
mu.photo[16]        -2.214   0.346  -2.888  -2.442  -2.214  -1.985  -1.528 1.001  3700
mu.photo[17]         0.627   0.277   0.089   0.444   0.625   0.805   1.176 1.002  2000
mu.photo[18]         1.421   0.255   0.916   1.259   1.424   1.587   1.921 1.001  3100
mu.photo[19]         0.067   0.320  -0.563  -0.140   0.068   0.272   0.708 1.000  4000
mu.photo[20]        -0.712   0.249  -1.200  -0.876  -0.715  -0.546  -0.209 1.001  4000
mu.photo[21]         0.133   0.136  -0.138   0.043   0.132   0.225   0.405 1.001  4000
mu.photo[22]         0.276   0.143  -0.012   0.185   0.275   0.369   0.554 1.001  4000
mu.photo[23]        -0.630   0.257  -1.120  -0.801  -0.631  -0.466  -0.106 1.001  4000
mu.photo[24]        -0.430   0.240  -0.888  -0.589  -0.434  -0.275   0.045 1.001  4000
mu.photo[25]        -0.343   0.172  -0.677  -0.458  -0.343  -0.230  -0.001 1.001  4000
mu.photo[26]        -1.397   0.288  -1.953  -1.589  -1.399  -1.214  -0.824 1.001  4000
rho.lf[1,1]          1.000   0.000   1.000   1.000   1.000   1.000   1.000 1.000     1
rho.lf[2,1]         -0.089   0.183  -0.434  -0.217  -0.089   0.039   0.268 1.001  4000
rho.lf[3,1]         -0.417   0.156  -0.683  -0.530  -0.431  -0.318  -0.083 1.001  3100
rho.lf[4,1]          0.235   0.177  -0.141   0.116   0.248   0.359   0.548 1.001  4000
rho.lf[5,1]          0.248   0.174  -0.121   0.136   0.255   0.375   0.554 1.001  3000
rho.lf[1,2]         -0.089   0.183  -0.434  -0.217  -0.089   0.039   0.268 1.001  4000
rho.lf[2,2]          1.000   0.000   1.000   1.000   1.000   1.000   1.000 1.000     1
rho.lf[3,2]          0.046   0.189  -0.333  -0.084   0.046   0.178   0.405 1.001  4000
rho.lf[4,2]         -0.055   0.184  -0.398  -0.182  -0.059   0.068   0.308 1.002  1600
rho.lf[5,2]          0.214   0.177  -0.149   0.090   0.219   0.340   0.535 1.001  3900
rho.lf[1,3]         -0.417   0.156  -0.683  -0.530  -0.431  -0.318  -0.083 1.001  3100
rho.lf[2,3]          0.046   0.189  -0.333  -0.084   0.046   0.178   0.405 1.001  4000
rho.lf[3,3]          1.000   0.000   1.000   1.000   1.000   1.000   1.000 1.000     1
rho.lf[4,3]         -0.111   0.185  -0.456  -0.243  -0.117   0.016   0.261 1.001  4000
rho.lf[5,3]         -0.172   0.181  -0.500  -0.300  -0.181  -0.050   0.204 1.001  3600
rho.lf[1,4]          0.235   0.177  -0.141   0.116   0.248   0.359   0.548 1.001  4000
rho.lf[2,4]         -0.055   0.184  -0.398  -0.182  -0.059   0.068   0.308 1.002  1600
rho.lf[3,4]         -0.111   0.185  -0.456  -0.243  -0.117   0.016   0.261 1.001  4000
rho.lf[4,4]          1.000   0.000   1.000   1.000   1.000   1.000   1.000 1.000     1
rho.lf[5,4]          0.402   0.160   0.057   0.299   0.418   0.517   0.682 1.001  4000
rho.lf[1,5]          0.248   0.174  -0.121   0.136   0.255   0.375   0.554 1.001  3000
rho.lf[2,5]          0.214   0.177  -0.149   0.090   0.219   0.340   0.535 1.001  3900
rho.lf[3,5]         -0.172   0.181  -0.500  -0.300  -0.181  -0.050   0.204 1.001  3600
rho.lf[4,5]          0.402   0.160   0.057   0.299   0.418   0.517   0.682 1.001  4000
rho.lf[5,5]          1.000   0.000   1.000   1.000   1.000   1.000   1.000 1.000     1
rho.ph[1,1]          1.000   0.000   1.000   1.000   1.000   1.000   1.000 1.000     1
rho.ph[2,1]          0.213   0.252  -0.309   0.038   0.229   0.402   0.651 1.002  1600
rho.ph[3,1]          0.046   0.256  -0.459  -0.129   0.054   0.223   0.525 1.002  2500
rho.ph[4,1]         -0.210   0.234  -0.626  -0.378  -0.225  -0.054   0.273 1.002  1400
rho.ph[1,2]          0.213   0.252  -0.309   0.038   0.229   0.402   0.651 1.002  1600
rho.ph[2,2]          1.000   0.000   1.000   1.000   1.000   1.000   1.000 1.000     1
rho.ph[3,2]          0.372   0.218  -0.092   0.230   0.393   0.530   0.742 1.001  4000
rho.ph[4,2]          0.124   0.233  -0.347  -0.032   0.132   0.289   0.550 1.001  4000
rho.ph[1,3]          0.046   0.256  -0.459  -0.129   0.054   0.223   0.525 1.002  2500
rho.ph[2,3]          0.372   0.218  -0.092   0.230   0.393   0.530   0.742 1.001  4000
rho.ph[3,3]          1.000   0.000   1.000   1.000   1.000   1.000   1.000 1.000     1
rho.ph[4,3]          0.243   0.229  -0.229   0.091   0.255   0.408   0.652 1.001  4000
rho.ph[1,4]         -0.210   0.234  -0.626  -0.378  -0.225  -0.054   0.273 1.002  1400
rho.ph[2,4]          0.124   0.233  -0.347  -0.032   0.132   0.289   0.550 1.001  4000
rho.ph[3,4]          0.243   0.229  -0.229   0.091   0.255   0.408   0.652 1.001  4000
rho.ph[4,4]          1.000   0.000   1.000   1.000   1.000   1.000   1.000 1.000     1
sigmasq.fluor        0.895   0.619   0.261   0.513   0.735   1.078   2.471 1.001  4000
sigmasq.lftemp       0.994   0.755   0.278   0.535   0.790   1.203   3.055 1.002  1700
sigmasq.photo        0.254   0.087   0.135   0.194   0.240   0.294   0.457 1.002  1700
sigmasq.trans        0.597   0.366   0.203   0.361   0.502   0.720   1.574 1.001  4000
sigmasq.wue          1.447   1.652   0.242   0.570   0.947   1.678   5.812 1.002  1700
deviance           117.511  18.347  82.576 104.952 117.044 129.532 153.808 1.001  4000

For each parameter, n.eff is a crude measure of effective sample size,
and Rhat is the potential scale reduction factor (at convergence, Rhat=1).

DIC info (using the rule, pD = var(deviance)/2)
pD = 168.4 and DIC = 285.9
DIC is an estimate of expected predictive error (lower deviance is better).
