Path analysis results at Kleinmond 
 physiology-path-analysis-model-3.txt 

Inference for Bugs model at "physiology-path-analysis-model-3.txt", fit using jags,
 5 chains, each with 25000 iterations (first 5000 discarded), n.thin = 25
 n.sims = 4000 iterations saved
                     mu.vect sd.vect    2.5%     25%     50%     75%   97.5%  Rhat n.eff
beta.cond.lftemp      -0.175   0.339  -0.848  -0.394  -0.169   0.038   0.511 1.001  4000
beta.cond.trans       -0.712   0.339  -1.413  -0.930  -0.703  -0.492  -0.058 1.001  3300
beta.fluor.humid      -0.055   0.418  -0.892  -0.329  -0.054   0.222   0.747 1.001  2800
beta.fluor.lfarea     -0.129   0.210  -0.546  -0.266  -0.126   0.011   0.279 1.001  3400
beta.fluor.lwr         0.070   0.215  -0.377  -0.070   0.072   0.209   0.493 1.001  3400
beta.fluor.sdi         0.402   0.359  -0.295   0.166   0.397   0.638   1.100 1.002  2300
beta.fluor.sla         0.023   0.294  -0.567  -0.166   0.019   0.213   0.625 1.002  2500
beta.fluor.spi         0.157   0.197  -0.243   0.030   0.158   0.285   0.542 1.002  2300
beta.fluor.temp       -0.236   0.353  -0.918  -0.457  -0.239  -0.020   0.479 1.002  1900
beta.lftemp.humid      0.046   0.512  -1.008  -0.277   0.055   0.373   1.008 1.001  4000
beta.lftemp.lfarea    -0.146   0.276  -0.682  -0.328  -0.145   0.030   0.412 1.001  4000
beta.lftemp.lwr       -0.217   0.269  -0.746  -0.394  -0.217  -0.044   0.306 1.001  4000
beta.lftemp.sdi        0.375   0.458  -0.527   0.069   0.375   0.667   1.316 1.001  3100
beta.lftemp.sla       -0.310   0.376  -1.073  -0.562  -0.303  -0.064   0.426 1.001  4000
beta.lftemp.spi       -0.085   0.252  -0.589  -0.246  -0.084   0.080   0.401 1.001  4000
beta.lftemp.temp       0.296   0.486  -0.794   0.029   0.334   0.615   1.161 1.001  3500
beta.photo.cond        0.907   0.268   0.368   0.731   0.912   1.083   1.428 1.001  4000
beta.photo.fluor      -0.179   0.316  -0.812  -0.383  -0.184   0.024   0.439 1.001  4000
beta.photo.humid      -0.276   0.280  -0.829  -0.459  -0.276  -0.095   0.269 1.001  4000
beta.photo.lftemp     -0.169   0.250  -0.662  -0.330  -0.168  -0.013   0.332 1.001  4000
beta.photo.temp        0.157   0.409  -0.653  -0.102   0.160   0.429   0.954 1.001  3400
beta.trans.humid      -0.777   0.638  -1.985  -1.202  -0.783  -0.381   0.556 1.001  3100
beta.trans.lfarea      0.338   0.295  -0.237   0.149   0.339   0.530   0.917 1.001  4000
beta.trans.lwr        -0.117   0.312  -0.721  -0.321  -0.120   0.094   0.491 1.001  4000
beta.trans.sdi        -0.209   0.508  -1.218  -0.537  -0.204   0.123   0.788 1.001  3700
beta.trans.sla         0.459   0.407  -0.336   0.185   0.462   0.724   1.282 1.001  4000
beta.trans.spi        -0.045   0.275  -0.602  -0.223  -0.039   0.128   0.494 1.002  2600
beta.trans.temp       -0.502   0.543  -1.654  -0.840  -0.484  -0.149   0.543 1.001  4000
mu.lf[1]              -0.562   0.163  -0.884  -0.667  -0.564  -0.455  -0.238 1.002  2000
mu.lf[2]               0.746   0.206   0.348   0.606   0.745   0.889   1.149 1.003  1100
mu.lf[3]               0.744   0.184   0.386   0.624   0.746   0.867   1.105 1.002  2200
mu.lf[4]               0.399   0.227  -0.063   0.251   0.399   0.546   0.853 1.001  4000
mu.lf[5]              -0.823   0.102  -1.023  -0.892  -0.824  -0.759  -0.627 1.001  2700
mu.ph[1,1]            -0.850   0.546  -1.897  -1.217  -0.860  -0.500   0.252 1.001  4000
mu.ph[2,1]             0.018   0.565  -1.055  -0.355   0.017   0.385   1.159 1.001  4000
mu.ph[3,1]            -0.210   0.563  -1.335  -0.563  -0.192   0.153   0.888 1.001  3300
mu.ph[4,1]            -0.271   0.557  -1.337  -0.628  -0.281   0.077   0.879 1.002  2300
mu.ph[5,1]             0.468   0.474  -0.462   0.156   0.457   0.777   1.423 1.001  4000
mu.ph[6,1]             0.190   0.485  -0.756  -0.124   0.202   0.507   1.151 1.001  4000
mu.ph[7,1]             0.265   0.630  -0.927  -0.143   0.262   0.658   1.515 1.000  4000
mu.ph[8,1]            -0.106   0.495  -1.127  -0.422  -0.084   0.214   0.839 1.001  4000
mu.ph[9,1]            -0.291   0.462  -1.240  -0.591  -0.278   0.011   0.583 1.002  2600
mu.ph[10,1]            0.420   0.529  -0.638   0.086   0.429   0.762   1.437 1.001  4000
mu.ph[11,1]            0.449   0.452  -0.470   0.157   0.453   0.747   1.321 1.001  4000
mu.ph[12,1]            0.497   0.518  -0.554   0.164   0.507   0.849   1.467 1.001  3600
mu.ph[13,1]            0.932   0.507  -0.093   0.591   0.939   1.282   1.905 1.001  4000
mu.ph[14,1]           -1.040   0.498  -2.018  -1.367  -1.039  -0.722  -0.030 1.001  4000
mu.ph[15,1]           -1.398   0.530  -2.456  -1.741  -1.395  -1.050  -0.360 1.001  4000
mu.ph[16,1]           -1.641   0.495  -2.599  -1.969  -1.646  -1.327  -0.627 1.001  4000
mu.ph[17,1]           -2.052   0.544  -3.079  -2.414  -2.061  -1.711  -0.928 1.001  4000
mu.ph[18,1]           -0.054   0.605  -1.292  -0.429  -0.041   0.325   1.133 1.002  2400
mu.ph[19,1]           -0.708   0.552  -1.787  -1.067  -0.713  -0.346   0.377 1.000  4000
mu.ph[20,1]           -0.946   0.473  -1.874  -1.249  -0.953  -0.652   0.035 1.001  4000
mu.ph[21,1]           -0.779   0.614  -2.048  -1.160  -0.782  -0.395   0.435 1.001  4000
mu.ph[1,2]             0.295   0.428  -0.543   0.015   0.296   0.574   1.198 1.003  1400
mu.ph[2,2]             0.111   0.447  -0.779  -0.164   0.117   0.394   0.988 1.001  2800
mu.ph[3,2]            -0.920   0.439  -1.802  -1.208  -0.915  -0.630  -0.052 1.001  3600
mu.ph[4,2]            -0.766   0.438  -1.614  -1.044  -0.764  -0.496   0.134 1.002  1700
mu.ph[5,2]            -0.885   0.370  -1.585  -1.130  -0.887  -0.643  -0.123 1.002  2600
mu.ph[6,2]            -0.344   0.389  -1.120  -0.595  -0.334  -0.096   0.425 1.001  4000
mu.ph[7,2]            -1.009   0.482  -1.968  -1.315  -1.000  -0.700  -0.044 1.001  4000
mu.ph[8,2]             0.205   0.395  -0.581  -0.044   0.207   0.451   0.988 1.001  4000
mu.ph[9,2]             0.180   0.373  -0.539  -0.063   0.177   0.416   0.917 1.000  4000
mu.ph[10,2]           -0.439   0.407  -1.251  -0.698  -0.429  -0.172   0.339 1.001  4000
mu.ph[11,2]           -0.400   0.357  -1.121  -0.636  -0.394  -0.166   0.301 1.001  4000
mu.ph[12,2]           -0.707   0.404  -1.500  -0.968  -0.706  -0.446   0.093 1.001  4000
mu.ph[13,2]           -0.732   0.398  -1.498  -0.995  -0.739  -0.480   0.082 1.001  3600
mu.ph[14,2]            0.798   0.401   0.012   0.539   0.812   1.059   1.572 1.002  2400
mu.ph[15,2]            0.732   0.431  -0.137   0.458   0.739   1.013   1.549 1.002  1800
mu.ph[16,2]            0.060   0.394  -0.720  -0.195   0.057   0.322   0.834 1.001  4000
mu.ph[17,2]           -0.184   0.420  -1.002  -0.462  -0.198   0.083   0.646 1.001  3400
mu.ph[18,2]            0.587   0.484  -0.410   0.275   0.588   0.912   1.538 1.002  2100
mu.ph[19,2]            0.053   0.437  -0.826  -0.220   0.058   0.339   0.893 1.001  4000
mu.ph[20,2]           -0.164   0.382  -0.904  -0.409  -0.166   0.088   0.605 1.001  2700
mu.ph[21,2]           -0.648   0.489  -1.592  -0.975  -0.651  -0.333   0.328 1.002  2000
mu.ph[1,3]            -0.462   0.578  -1.577  -0.838  -0.479  -0.111   0.729 1.001  4000
mu.ph[2,3]            -1.210   0.629  -2.383  -1.633  -1.237  -0.813   0.108 1.001  4000
mu.ph[3,3]             0.437   0.631  -0.860   0.043   0.452   0.852   1.647 1.001  3200
mu.ph[4,3]             0.245   0.589  -0.925  -0.136   0.228   0.618   1.450 1.001  4000
mu.ph[5,3]            -0.471   0.500  -1.424  -0.797  -0.473  -0.152   0.520 1.001  3400
mu.ph[6,3]            -0.964   0.546  -2.036  -1.308  -0.965  -0.607   0.122 1.001  4000
mu.ph[7,3]            -0.446   0.689  -1.807  -0.896  -0.469  -0.020   0.985 1.001  3900
mu.ph[8,3]             1.977   0.526   0.876   1.661   1.994   2.311   3.010 1.001  4000
mu.ph[9,3]             1.762   0.532   0.649   1.429   1.778   2.123   2.773 1.001  4000
mu.ph[10,3]            0.460   0.560  -0.682   0.110   0.473   0.817   1.583 1.001  4000
mu.ph[11,3]            0.535   0.492  -0.469   0.218   0.545   0.863   1.470 1.001  4000
mu.ph[12,3]            1.070   0.549  -0.085   0.732   1.084   1.429   2.103 1.001  4000
mu.ph[13,3]            0.285   0.560  -0.901  -0.064   0.307   0.655   1.341 1.001  4000
mu.ph[14,3]           -0.736   0.539  -1.880  -1.071  -0.725  -0.395   0.342 1.001  3700
mu.ph[15,3]           -0.569   0.569  -1.713  -0.923  -0.562  -0.210   0.566 1.001  4000
mu.ph[16,3]           -0.846   0.601  -1.957  -1.251  -0.883  -0.468   0.447 1.001  4000
mu.ph[17,3]           -0.968   0.562  -2.036  -1.349  -0.982  -0.620   0.220 1.001  4000
mu.ph[18,3]            1.031   0.645  -0.317   0.636   1.037   1.456   2.277 1.001  4000
mu.ph[19,3]            1.432   0.597   0.245   1.047   1.436   1.819   2.583 1.001  4000
mu.ph[20,3]            1.283   0.537   0.214   0.931   1.294   1.638   2.340 1.001  4000
mu.ph[21,3]            1.069   0.651  -0.220   0.655   1.064   1.466   2.397 1.001  4000
mu.photo[1]            0.115   0.429  -0.739  -0.162   0.116   0.406   0.955 1.001  4000
mu.photo[2]           -1.496   0.621  -2.686  -1.895  -1.503  -1.104  -0.214 1.001  4000
mu.photo[3]            0.721   0.543  -0.343   0.364   0.730   1.076   1.774 1.001  4000
mu.photo[4]           -0.121   0.427  -0.961  -0.403  -0.128   0.159   0.716 1.001  4000
mu.photo[5]           -0.546   0.325  -1.210  -0.757  -0.546  -0.334   0.104 1.001  4000
mu.photo[6]           -1.065   0.382  -1.827  -1.303  -1.072  -0.820  -0.301 1.001  4000
mu.photo[7]           -0.929   0.416  -1.736  -1.197  -0.934  -0.663  -0.108 1.001  4000
mu.photo[8]            0.906   0.368   0.168   0.668   0.911   1.140   1.638 1.001  4000
mu.photo[9]            0.927   0.455   0.020   0.636   0.923   1.215   1.847 1.001  4000
mu.photo[10]          -0.396   0.325  -1.057  -0.599  -0.394  -0.182   0.245 1.001  4000
mu.photo[11]          -0.242   0.376  -1.023  -0.479  -0.233  -0.002   0.493 1.001  4000
mu.photo[12]          -0.280   0.292  -0.869  -0.464  -0.270  -0.091   0.295 1.000  4000
mu.photo[13]          -0.548   0.497  -1.549  -0.862  -0.542  -0.224   0.439 1.001  4000
mu.photo[14]           0.006   0.600  -1.187  -0.380   0.013   0.403   1.153 1.001  4000
mu.photo[15]          -1.269   0.598  -2.464  -1.651  -1.271  -0.887  -0.103 1.001  3000
mu.photo[16]           0.067   0.341  -0.617  -0.157   0.071   0.285   0.741 1.001  4000
mu.photo[17]          -0.157   0.643  -1.429  -0.578  -0.149   0.266   1.126 1.001  4000
mu.photo[18]           0.505   0.356  -0.190   0.270   0.501   0.742   1.210 1.001  4000
mu.photo[19]           1.064   0.389   0.300   0.803   1.057   1.330   1.825 1.001  4000
mu.photo[20]           0.100   0.378  -0.632  -0.150   0.098   0.344   0.844 1.001  3700
mu.photo[21]           0.276   0.450  -0.590  -0.012   0.272   0.566   1.181 1.001  4000
phx.lf[1,1]            0.565   0.180   0.312   0.436   0.531   0.653   1.002 1.001  4000
phx.lf[2,1]           -0.095   0.161  -0.440  -0.184  -0.088   0.004   0.212 1.001  4000
phx.lf[3,1]            0.094   0.141  -0.176   0.010   0.089   0.171   0.402 1.001  3600
phx.lf[4,1]            0.196   0.187  -0.125   0.078   0.179   0.295   0.605 1.001  3100
phx.lf[5,1]            0.161   0.088   0.028   0.103   0.149   0.205   0.379 1.001  4000
phx.lf[1,2]           -0.095   0.161  -0.440  -0.184  -0.088   0.004   0.212 1.001  4000
phx.lf[2,2]            0.880   0.290   0.484   0.680   0.824   1.012   1.627 1.004   870
phx.lf[3,2]            0.016   0.178  -0.330  -0.089   0.015   0.115   0.378 1.001  4000
phx.lf[4,2]            0.126   0.231  -0.291  -0.012   0.110   0.248   0.649 1.001  4000
phx.lf[5,2]            0.067   0.101  -0.121   0.007   0.061   0.121   0.279 1.001  4000
phx.lf[1,3]            0.094   0.141  -0.176   0.010   0.089   0.171   0.402 1.001  3600
phx.lf[2,3]            0.016   0.178  -0.330  -0.089   0.015   0.115   0.378 1.001  4000
phx.lf[3,3]            0.704   0.225   0.386   0.545   0.663   0.815   1.264 1.001  4000
phx.lf[4,3]           -0.111   0.199  -0.547  -0.221  -0.098   0.013   0.256 1.001  4000
phx.lf[5,3]            0.035   0.089  -0.142  -0.015   0.032   0.084   0.216 1.002  2300
phx.lf[1,4]            0.196   0.187  -0.125   0.078   0.179   0.295   0.605 1.001  3100
phx.lf[2,4]            0.126   0.231  -0.291  -0.012   0.110   0.248   0.649 1.001  4000
phx.lf[3,4]           -0.111   0.199  -0.547  -0.221  -0.098   0.013   0.256 1.001  4000
phx.lf[4,4]            1.114   0.371   0.609   0.858   1.040   1.295   2.022 1.002  2500
phx.lf[5,4]            0.175   0.121  -0.014   0.096   0.157   0.236   0.461 1.002  2000
phx.lf[1,5]            0.161   0.088   0.028   0.103   0.149   0.205   0.379 1.001  4000
phx.lf[2,5]            0.067   0.101  -0.121   0.007   0.061   0.121   0.279 1.001  4000
phx.lf[3,5]            0.035   0.089  -0.142  -0.015   0.032   0.084   0.216 1.002  2300
phx.lf[4,5]            0.175   0.121  -0.014   0.096   0.157   0.236   0.461 1.002  2000
phx.lf[5,5]            0.212   0.073   0.117   0.163   0.199   0.246   0.391 1.001  3200
phx.ph[1,1]            0.513   0.249   0.199   0.342   0.458   0.614   1.138 1.001  4000
phx.ph[2,1]           -0.025   0.131  -0.295  -0.092  -0.022   0.045   0.228 1.001  4000
phx.ph[3,1]            0.079   0.196  -0.263  -0.034   0.059   0.172   0.521 1.001  4000
phx.ph[1,2]           -0.025   0.131  -0.295  -0.092  -0.022   0.045   0.228 1.001  4000
phx.ph[2,2]            0.314   0.147   0.140   0.216   0.279   0.378   0.684 1.002  2000
phx.ph[3,2]            0.108   0.146  -0.146   0.024   0.093   0.178   0.437 1.002  3900
phx.ph[1,3]            0.079   0.196  -0.263  -0.034   0.059   0.172   0.521 1.001  4000
phx.ph[2,3]            0.108   0.146  -0.146   0.024   0.093   0.178   0.437 1.002  3900
phx.ph[3,3]            0.568   0.303   0.222   0.365   0.494   0.682   1.347 1.002  1500
rho.lf[1,1]            1.000   0.000   1.000   1.000   1.000   1.000   1.000 1.000     1
rho.lf[2,1]           -0.131   0.202  -0.499  -0.275  -0.140   0.005   0.280 1.001  4000
rho.lf[3,1]            0.147   0.198  -0.257   0.018   0.152   0.286   0.510 1.001  3700
rho.lf[4,1]            0.242   0.194  -0.164   0.114   0.253   0.381   0.591 1.001  3600
rho.lf[5,1]            0.458   0.166   0.087   0.358   0.477   0.575   0.732 1.002  2300
rho.lf[1,2]           -0.131   0.202  -0.499  -0.275  -0.140   0.005   0.280 1.001  4000
rho.lf[2,2]            1.000   0.000   1.000   1.000   1.000   1.000   1.000 1.000     1
rho.lf[3,2]            0.020   0.204  -0.375  -0.121   0.020   0.157   0.408 1.001  4000
rho.lf[4,2]            0.124   0.203  -0.274  -0.014   0.123   0.264   0.512 1.001  4000
rho.lf[5,2]            0.154   0.202  -0.266   0.019   0.160   0.292   0.531 1.001  4000
rho.lf[1,3]            0.147   0.198  -0.257   0.018   0.152   0.286   0.510 1.001  3700
rho.lf[2,3]            0.020   0.204  -0.375  -0.121   0.020   0.157   0.408 1.001  4000
rho.lf[3,3]            1.000   0.000   1.000   1.000   1.000   1.000   1.000 1.000     1
rho.lf[4,3]           -0.122   0.200  -0.500  -0.265  -0.123   0.017   0.272 1.001  4000
rho.lf[5,3]            0.091   0.202  -0.323  -0.042   0.096   0.232   0.470 1.001  2700
rho.lf[1,4]            0.242   0.194  -0.164   0.114   0.253   0.381   0.591 1.001  3600
rho.lf[2,4]            0.124   0.203  -0.274  -0.014   0.123   0.264   0.512 1.001  4000
rho.lf[3,4]           -0.122   0.200  -0.500  -0.265  -0.123   0.017   0.272 1.001  4000
rho.lf[4,4]            1.000   0.000   1.000   1.000   1.000   1.000   1.000 1.000     1
rho.lf[5,4]            0.352   0.184  -0.033   0.232   0.362   0.486   0.670 1.001  2700
rho.lf[1,5]            0.458   0.166   0.087   0.358   0.477   0.575   0.732 1.002  2300
rho.lf[2,5]            0.154   0.202  -0.266   0.019   0.160   0.292   0.531 1.001  4000
rho.lf[3,5]            0.091   0.202  -0.323  -0.042   0.096   0.232   0.470 1.001  2700
rho.lf[4,5]            0.352   0.184  -0.033   0.232   0.362   0.486   0.670 1.001  2700
rho.lf[5,5]            1.000   0.000   1.000   1.000   1.000   1.000   1.000 1.000     1
rho.ph[1,1]            1.000   0.000   1.000   1.000   1.000   1.000   1.000 1.000     1
rho.ph[2,1]           -0.064   0.276  -0.573  -0.262  -0.071   0.133   0.481 1.001  4000
rho.ph[3,1]            0.128   0.294  -0.473  -0.081   0.140   0.353   0.655 1.001  4000
rho.ph[1,2]           -0.064   0.276  -0.573  -0.262  -0.071   0.133   0.481 1.001  4000
rho.ph[2,2]            1.000   0.000   1.000   1.000   1.000   1.000   1.000 1.000     1
rho.ph[3,2]            0.255   0.272  -0.320   0.072   0.276   0.457   0.716 1.001  4000
rho.ph[1,3]            0.128   0.294  -0.473  -0.081   0.140   0.353   0.655 1.001  4000
rho.ph[2,3]            0.255   0.272  -0.320   0.072   0.276   0.457   0.716 1.001  4000
rho.ph[3,3]            1.000   0.000   1.000   1.000   1.000   1.000   1.000 1.000     1
sigmasq.cond           0.457   0.194   0.215   0.326   0.419   0.534   0.955 1.001  4000
sigmasq.indiv.cond     0.609   0.394   0.195   0.359   0.510   0.728   1.655 1.001  4000
sigmasq.indiv.fluor    0.581   0.391   0.185   0.337   0.481   0.705   1.564 1.001  4000
sigmasq.indiv.lftemp   0.891   0.915   0.216   0.423   0.636   1.017   3.171 1.001  4000
sigmasq.indiv.trans    1.605   1.238   0.370   0.823   1.264   1.971   4.981 1.002  2000
sigmasq.photo          0.722   0.278   0.358   0.531   0.660   0.844   1.449 1.001  4000
deviance             137.366  17.175 104.847 125.679 136.600 148.322 172.224 1.002  1600

For each parameter, n.eff is a crude measure of effective sample size,
and Rhat is the potential scale reduction factor (at convergence, Rhat=1).

DIC info (using the rule, pD = var(deviance)/2)
pD = 147.3 and DIC = 284.7
DIC is an estimate of expected predictive error (lower deviance is better).
