Path analysis results at De Hoop 
 physiology-path-analysis-model-1.txt 

Inference for Bugs model at "physiology-path-analysis-model-1.txt", fit using jags,
 5 chains, each with 25000 iterations (first 5000 discarded), n.thin = 25
 n.sims = 4000 iterations saved
                     mu.vect sd.vect    2.5%    25%    50%    75%  97.5%  Rhat n.eff
beta.cond.humid        0.361   0.304  -0.233  0.167  0.361  0.558  0.973 1.001  3000
beta.cond.lfarea       0.282   0.227  -0.163  0.131  0.283  0.434  0.741 1.001  4000
beta.cond.lwr         -0.408   0.254  -0.902 -0.578 -0.412 -0.238  0.096 1.001  4000
beta.cond.sdi          0.316   0.153   0.009  0.217  0.316  0.413  0.622 1.001  4000
beta.cond.sla         -0.228   0.181  -0.583 -0.349 -0.227 -0.108  0.131 1.002  1800
beta.cond.spi          0.516   0.182   0.158  0.394  0.515  0.636  0.872 1.001  4000
beta.cond.temp        -0.904   0.226  -1.338 -1.049 -0.910 -0.761 -0.437 1.001  2800
beta.fluor.humid      -0.993   0.396  -1.767 -1.258 -0.990 -0.742 -0.201 1.001  4000
beta.fluor.lfarea     -0.227   0.342  -0.866 -0.459 -0.238 -0.007  0.475 1.001  3600
beta.fluor.lwr         0.536   0.361  -0.172  0.301  0.531  0.773  1.236 1.001  4000
beta.fluor.sdi         0.519   0.231   0.077  0.363  0.513  0.666  1.002 1.001  3600
beta.fluor.sla        -0.148   0.258  -0.649 -0.316 -0.148  0.018  0.359 1.002  1900
beta.fluor.spi        -0.216   0.266  -0.746 -0.389 -0.213 -0.043  0.319 1.001  4000
beta.fluor.temp       -0.367   0.294  -0.943 -0.558 -0.367 -0.179  0.225 1.001  3700
beta.lftemp.humid     -0.824   0.380  -1.566 -1.078 -0.822 -0.579 -0.095 1.006   570
beta.lftemp.lfarea    -0.050   0.243  -0.529 -0.210 -0.051  0.109  0.439 1.001  4000
beta.lftemp.lwr        0.390   0.284  -0.154  0.202  0.389  0.578  0.949 1.001  3100
beta.lftemp.sdi        0.120   0.162  -0.201  0.014  0.116  0.225  0.439 1.002  2300
beta.lftemp.sla        0.446   0.192   0.062  0.321  0.447  0.574  0.819 1.002  2300
beta.lftemp.spi       -0.593   0.200  -0.982 -0.726 -0.592 -0.460 -0.200 1.002  2600
beta.lftemp.temp       0.235   0.282  -0.328  0.054  0.244  0.427  0.775 1.004   860
beta.photo.cond        0.503   0.301  -0.108  0.311  0.505  0.701  1.083 1.002  1600
beta.photo.fluor       0.291   0.132   0.037  0.204  0.291  0.377  0.554 1.001  4000
beta.photo.humid       0.172   0.207  -0.240  0.037  0.171  0.306  0.570 1.001  3600
beta.photo.lftemp     -0.087   0.235  -0.573 -0.235 -0.083  0.065  0.360 1.001  3600
beta.photo.trans       0.099   0.293  -0.484 -0.086  0.099  0.289  0.685 1.003  1400
beta.trans.humid       0.018   0.280  -0.552 -0.164  0.019  0.203  0.566 1.002  2400
beta.trans.lfarea      0.238   0.226  -0.206  0.092  0.236  0.388  0.686 1.001  4000
beta.trans.lwr        -0.008   0.259  -0.533 -0.175 -0.006  0.159  0.506 1.001  4000
beta.trans.sdi         0.408   0.152   0.108  0.310  0.407  0.508  0.710 1.001  4000
beta.trans.sla         0.045   0.175  -0.294 -0.072  0.044  0.161  0.394 1.001  4000
beta.trans.spi         0.356   0.181  -0.011  0.241  0.356  0.470  0.717 1.002  1700
beta.trans.temp       -0.138   0.210  -0.560 -0.275 -0.136 -0.001  0.273 1.001  3200
mu.lf[1]               0.451   0.189   0.080  0.325  0.449  0.576  0.815 1.001  3700
mu.lf[2]              -0.611   0.108  -0.822 -0.682 -0.614 -0.542 -0.395 1.002  1700
mu.lf[3]              -0.600   0.135  -0.868 -0.688 -0.602 -0.511 -0.330 1.001  4000
mu.lf[4]              -0.318   0.166  -0.642 -0.429 -0.318 -0.211  0.003 1.001  4000
mu.lf[5]               0.659   0.161   0.326  0.553  0.663  0.766  0.968 1.002  1400
mu.ph[1,1]             1.163   0.387   0.435  0.910  1.159  1.413  1.941 1.002  2500
mu.ph[2,1]             0.641   0.406  -0.149  0.392  0.635  0.893  1.469 1.002  1400
mu.ph[3,1]            -0.585   0.327  -1.253 -0.794 -0.581 -0.379  0.072 1.001  4000
mu.ph[4,1]            -1.004   0.323  -1.658 -1.209 -0.997 -0.788 -0.395 1.002  2700
mu.ph[5,1]            -0.347   0.372  -1.042 -0.599 -0.366 -0.109  0.421 1.001  4000
mu.ph[6,1]            -1.112   0.349  -1.778 -1.339 -1.118 -0.889 -0.412 1.001  4000
mu.ph[7,1]             0.774   0.275   0.184  0.602  0.790  0.961  1.268 1.003  1200
mu.ph[8,1]             0.625   0.291   0.023  0.443  0.631  0.826  1.165 1.002  1600
mu.ph[9,1]            -0.181   0.256  -0.660 -0.352 -0.182 -0.012  0.326 1.002  2200
mu.ph[10,1]           -0.213   0.289  -0.778 -0.410 -0.216 -0.022  0.347 1.001  3200
mu.ph[11,1]            1.198   0.382   0.430  0.962  1.202  1.446  1.938 1.002  1500
mu.ph[12,1]            1.586   0.403   0.766  1.330  1.592  1.851  2.357 1.001  3400
mu.ph[13,1]           -0.983   0.376  -1.695 -1.233 -1.003 -0.751 -0.205 1.001  3300
mu.ph[14,1]           -0.815   0.318  -1.409 -1.024 -0.830 -0.620 -0.140 1.001  4000
mu.ph[15,1]            0.190   0.354  -0.489 -0.038  0.180  0.406  0.915 1.001  4000
mu.ph[16,1]            0.336   0.351  -0.323  0.105  0.323  0.551  1.068 1.003  1300
mu.ph[17,1]           -0.611   0.357  -1.315 -0.842 -0.619 -0.385  0.101 1.001  4000
mu.ph[18,1]           -1.138   0.352  -1.854 -1.372 -1.135 -0.908 -0.441 1.001  3600
mu.ph[19,1]            0.983   0.405   0.131  0.734  0.994  1.256  1.731 1.002  2100
mu.ph[20,1]            1.188   0.375   0.400  0.954  1.196  1.435  1.889 1.001  3900
mu.ph[21,1]            0.342   0.338  -0.355  0.127  0.350  0.569  0.972 1.002  2500
mu.ph[22,1]            0.999   0.346   0.311  0.781  0.999  1.226  1.659 1.002  1900
mu.ph[23,1]            0.606   0.355  -0.112  0.378  0.606  0.838  1.285 1.001  4000
mu.ph[24,1]            1.116   0.354   0.436  0.883  1.113  1.337  1.866 1.001  3400
mu.ph[25,1]            0.261   0.343  -0.472  0.041  0.278  0.487  0.918 1.002  1800
mu.ph[26,1]            0.724   0.345   0.004  0.509  0.735  0.949  1.361 1.002  2200
mu.ph[1,2]             1.499   0.528   0.453  1.160  1.497  1.834  2.554 1.001  3000
mu.ph[2,2]             0.245   0.579  -0.967 -0.124  0.260  0.627  1.351 1.001  3400
mu.ph[3,2]             0.632   0.462  -0.287  0.332  0.637  0.933  1.557 1.001  4000
mu.ph[4,2]             0.510   0.457  -0.398  0.218  0.516  0.809  1.403 1.000  4000
mu.ph[5,2]            -0.350   0.492  -1.303 -0.671 -0.350 -0.036  0.640 1.001  4000
mu.ph[6,2]            -0.811   0.490  -1.777 -1.132 -0.814 -0.486  0.141 1.001  4000
mu.ph[7,2]             1.345   0.375   0.579  1.106  1.354  1.588  2.080 1.001  4000
mu.ph[8,2]             1.209   0.378   0.453  0.971  1.214  1.450  1.961 1.001  4000
mu.ph[9,2]             0.413   0.362  -0.315  0.188  0.423  0.646  1.104 1.001  3200
mu.ph[10,2]            0.226   0.401  -0.587 -0.029  0.230  0.490  1.002 1.002  2500
mu.ph[11,2]            1.942   0.547   0.831  1.586  1.950  2.312  2.992 1.001  4000
mu.ph[12,2]            1.031   0.569  -0.080  0.661  1.032  1.402  2.185 1.001  4000
mu.ph[13,2]            1.080   0.520   0.095  0.728  1.078  1.410  2.121 1.002  1500
mu.ph[14,2]            0.205   0.419  -0.632 -0.065  0.208  0.478  0.998 1.001  3100
mu.ph[15,2]           -0.462   0.510  -1.416 -0.813 -0.477 -0.139  0.613 1.001  2800
mu.ph[16,2]           -1.169   0.508  -2.136 -1.508 -1.181 -0.837 -0.153 1.001  4000
mu.ph[17,2]           -1.320   0.503  -2.307 -1.647 -1.330 -1.006 -0.272 1.001  3500
mu.ph[18,2]           -1.772   0.502  -2.728 -2.109 -1.775 -1.451 -0.757 1.002  1800
mu.ph[19,2]           -0.368   0.553  -1.423 -0.730 -0.376 -0.017  0.744 1.001  3800
mu.ph[20,2]           -1.292   0.528  -2.314 -1.639 -1.278 -0.950 -0.219 1.000  4000
mu.ph[21,2]            0.442   0.448  -0.440  0.140  0.441  0.743  1.326 1.001  4000
mu.ph[22,2]            1.254   0.484   0.292  0.944  1.251  1.587  2.196 1.001  4000
mu.ph[23,2]           -0.960   0.501  -1.975 -1.280 -0.947 -0.634  0.044 1.002  2400
mu.ph[24,2]           -0.034   0.498  -0.983 -0.369 -0.038  0.279  0.982 1.002  2200
mu.ph[25,2]            0.042   0.466  -0.869 -0.267  0.044  0.347  0.975 1.001  2900
mu.ph[26,2]           -0.458   0.467  -1.382 -0.763 -0.462 -0.161  0.440 1.001  3900
mu.ph[1,3]             0.666   0.367  -0.083  0.432  0.673  0.908  1.388 1.001  4000
mu.ph[2,3]             0.353   0.389  -0.443  0.102  0.363  0.609  1.120 1.001  4000
mu.ph[3,3]             0.484   0.314  -0.151  0.280  0.491  0.691  1.089 1.001  4000
mu.ph[4,3]             0.633   0.303   0.034  0.444  0.634  0.836  1.245 1.001  4000
mu.ph[5,3]            -0.363   0.335  -1.017 -0.583 -0.359 -0.144  0.297 1.001  4000
mu.ph[6,3]            -0.427   0.327  -1.087 -0.644 -0.423 -0.218  0.226 1.002  2200
mu.ph[7,3]            -0.377   0.244  -0.870 -0.531 -0.377 -0.219  0.107 1.002  2600
mu.ph[8,3]            -0.029   0.251  -0.525 -0.187 -0.031  0.138  0.470 1.001  4000
mu.ph[9,3]            -0.307   0.242  -0.803 -0.462 -0.306 -0.154  0.167 1.001  4000
mu.ph[10,3]           -0.750   0.267  -1.284 -0.915 -0.752 -0.574 -0.230 1.001  3500
mu.ph[11,3]           -0.252   0.363  -0.983 -0.483 -0.252 -0.018  0.456 1.001  4000
mu.ph[12,3]           -0.502   0.384  -1.282 -0.746 -0.498 -0.253  0.243 1.001  4000
mu.ph[13,3]            0.757   0.349   0.071  0.535  0.761  0.975  1.471 1.001  4000
mu.ph[14,3]           -0.264   0.286  -0.837 -0.447 -0.261 -0.075  0.292 1.001  3800
mu.ph[15,3]            0.002   0.341  -0.662 -0.227 -0.002  0.219  0.692 1.002  2500
mu.ph[16,3]           -1.011   0.334  -1.640 -1.235 -1.018 -0.790 -0.331 1.001  4000
mu.ph[17,3]           -0.826   0.345  -1.497 -1.055 -0.832 -0.606 -0.126 1.001  4000
mu.ph[18,3]           -0.913   0.332  -1.550 -1.134 -0.916 -0.696 -0.251 1.001  4000
mu.ph[19,3]            1.036   0.371   0.307  0.800  1.028  1.279  1.774 1.001  4000
mu.ph[20,3]           -0.653   0.357  -1.364 -0.893 -0.656 -0.421  0.046 1.001  4000
mu.ph[21,3]            0.295   0.305  -0.301  0.104  0.292  0.489  0.890 1.002  2900
mu.ph[22,3]            0.201   0.324  -0.449 -0.013  0.198  0.417  0.835 1.001  3000
mu.ph[23,3]           -0.481   0.341  -1.168 -0.704 -0.478 -0.257  0.199 1.001  4000
mu.ph[24,3]            0.479   0.339  -0.175  0.261  0.473  0.703  1.159 1.001  3600
mu.ph[25,3]           -0.774   0.328  -1.369 -1.003 -0.786 -0.559 -0.112 1.001  4000
mu.ph[26,3]           -1.478   0.320  -2.064 -1.694 -1.494 -1.273 -0.829 1.001  3700
mu.ph[1,4]            -0.386   0.363  -1.145 -0.614 -0.381 -0.149  0.329 1.002  1700
mu.ph[2,4]            -0.569   0.383  -1.357 -0.813 -0.566 -0.315  0.189 1.002  2600
mu.ph[3,4]             1.268   0.305   0.663  1.067  1.274  1.465  1.871 1.002  2800
mu.ph[4,4]             1.514   0.303   0.913  1.319  1.518  1.701  2.109 1.002  2100
mu.ph[5,4]             0.582   0.349  -0.103  0.353  0.586  0.814  1.254 1.001  4000
mu.ph[6,4]             1.206   0.333   0.521  0.986  1.208  1.428  1.856 1.002  2300
mu.ph[7,4]            -0.200   0.248  -0.656 -0.369 -0.209 -0.042  0.313 1.002  2300
mu.ph[8,4]             0.127   0.261  -0.355 -0.053  0.119  0.293  0.666 1.001  4000
mu.ph[9,4]             0.586   0.239   0.116  0.431  0.584  0.741  1.059 1.001  4000
mu.ph[10,4]            0.223   0.267  -0.308  0.045  0.226  0.404  0.753 1.001  4000
mu.ph[11,4]           -1.087   0.358  -1.786 -1.319 -1.096 -0.860 -0.349 1.001  4000
mu.ph[12,4]           -1.323   0.380  -2.064 -1.573 -1.329 -1.080 -0.557 1.000  4000
mu.ph[13,4]            1.680   0.355   0.950  1.455  1.690  1.914  2.346 1.001  4000
mu.ph[14,4]            0.735   0.294   0.126  0.548  0.741  0.925  1.297 1.001  4000
mu.ph[15,4]           -1.191   0.337  -1.850 -1.415 -1.196 -0.965 -0.527 1.001  3300
mu.ph[16,4]           -1.871   0.324  -2.497 -2.083 -1.874 -1.666 -1.213 1.001  4000
mu.ph[17,4]            0.739   0.332   0.087  0.527  0.740  0.947  1.385 1.001  4000
mu.ph[18,4]            1.089   0.330   0.442  0.876  1.088  1.305  1.740 1.001  4000
mu.ph[19,4]            0.152   0.371  -0.546 -0.092  0.146  0.391  0.921 1.001  4000
mu.ph[20,4]           -1.084   0.348  -1.763 -1.309 -1.089 -0.869 -0.369 1.001  3800
mu.ph[21,4]           -0.498   0.315  -1.103 -0.704 -0.504 -0.300  0.144 1.001  4000
mu.ph[22,4]           -0.856   0.326  -1.507 -1.074 -0.865 -0.647 -0.187 1.001  4000
mu.ph[23,4]           -1.289   0.340  -1.974 -1.502 -1.290 -1.068 -0.621 1.001  4000
mu.ph[24,4]           -0.943   0.342  -1.625 -1.160 -0.939 -0.723 -0.277 1.001  3600
mu.ph[25,4]           -0.488   0.332  -1.118 -0.709 -0.508 -0.285  0.200 1.001  4000
mu.ph[26,4]           -1.121   0.327  -1.729 -1.338 -1.134 -0.916 -0.434 1.001  4000
mu.photo[1]           -0.152   0.275  -0.698 -0.335 -0.150  0.028  0.389 1.001  4000
mu.photo[2]           -0.804   0.213  -1.227 -0.941 -0.805 -0.671 -0.389 1.001  4000
mu.photo[3]            1.235   0.214   0.815  1.093  1.235  1.374  1.671 1.002  2100
mu.photo[4]            1.751   0.226   1.299  1.601  1.751  1.901  2.200 1.001  4000
mu.photo[5]            0.673   0.236   0.220  0.512  0.677  0.834  1.138 1.001  3400
mu.photo[6]            0.371   0.208  -0.024  0.228  0.371  0.507  0.778 1.002  2500
mu.photo[7]            0.571   0.258   0.043  0.403  0.575  0.737  1.063 1.001  4000
mu.photo[8]            0.562   0.217   0.136  0.418  0.569  0.704  0.995 1.001  3300
mu.photo[9]            1.203   0.231   0.763  1.048  1.199  1.362  1.669 1.001  4000
mu.photo[10]           0.821   0.269   0.311  0.639  0.816  1.001  1.347 1.001  4000
mu.photo[11]          -0.703   0.277  -1.233 -0.884 -0.704 -0.518 -0.150 1.001  3900
mu.photo[12]          -0.881   0.235  -1.351 -1.028 -0.882 -0.728 -0.425 1.001  4000
mu.photo[13]           1.474   0.272   0.931  1.295  1.477  1.646  2.011 1.001  3600
mu.photo[14]           0.904   0.202   0.500  0.773  0.905  1.033  1.309 1.002  4000
mu.photo[15]          -0.891   0.275  -1.415 -1.073 -0.894 -0.714 -0.336 1.001  3400
mu.photo[16]          -2.317   0.350  -2.996 -2.554 -2.316 -2.091 -1.632 1.001  4000
mu.photo[17]           0.594   0.271   0.062  0.417  0.595  0.774  1.126 1.001  3100
mu.photo[18]           1.336   0.252   0.836  1.170  1.338  1.503  1.822 1.001  3000
mu.photo[19]           0.127   0.313  -0.500 -0.075  0.131  0.334  0.747 1.001  4000
mu.photo[20]          -0.540   0.266  -1.077 -0.712 -0.535 -0.368 -0.016 1.001  4000
mu.photo[21]          -0.108   0.197  -0.499 -0.239 -0.107  0.017  0.290 1.002  1400
mu.photo[22]          -0.052   0.243  -0.523 -0.209 -0.058  0.106  0.439 1.003  1400
mu.photo[23]          -0.619   0.246  -1.100 -0.776 -0.619 -0.459 -0.132 1.001  4000
mu.photo[24]          -0.514   0.236  -0.975 -0.668 -0.513 -0.361 -0.049 1.001  4000
mu.photo[25]          -0.449   0.174  -0.791 -0.563 -0.450 -0.335 -0.103 1.001  3400
mu.photo[26]          -1.257   0.296  -1.852 -1.451 -1.257 -1.060 -0.670 1.002  2600
phx.lf[1,1]            0.928   0.272   0.545  0.737  0.882  1.065  1.572 1.001  4000
phx.lf[2,1]           -0.050   0.105  -0.268 -0.111 -0.048  0.013  0.164 1.001  4000
phx.lf[3,1]           -0.271   0.146  -0.592 -0.351 -0.253 -0.172 -0.035 1.001  4000
phx.lf[4,1]            0.203   0.168  -0.094  0.094  0.191  0.294  0.575 1.002  2500
phx.lf[5,1]            0.205   0.167  -0.081  0.096  0.189  0.300  0.566 1.001  4000
phx.lf[1,2]           -0.050   0.105  -0.268 -0.111 -0.048  0.013  0.164 1.001  4000
phx.lf[2,2]            0.300   0.086   0.176  0.238  0.285  0.347  0.510 1.001  4000
phx.lf[3,2]            0.019   0.074  -0.120 -0.028  0.017  0.061  0.180 1.001  4000
phx.lf[4,2]           -0.028   0.094  -0.228 -0.083 -0.026  0.028  0.153 1.001  4000
phx.lf[5,2]            0.097   0.093  -0.069  0.037  0.092  0.150  0.302 1.001  4000
phx.lf[1,3]           -0.271   0.146  -0.592 -0.351 -0.253 -0.172 -0.035 1.001  4000
phx.lf[2,3]            0.019   0.074  -0.120 -0.028  0.017  0.061  0.180 1.001  4000
phx.lf[3,3]            0.463   0.133   0.269  0.369  0.440  0.534  0.780 1.001  4000
phx.lf[4,3]           -0.063   0.119  -0.313 -0.132 -0.060  0.008  0.168 1.001  4000
phx.lf[5,3]           -0.099   0.117  -0.355 -0.161 -0.090 -0.024  0.105 1.001  3400
phx.lf[1,4]            0.203   0.168  -0.094  0.094  0.191  0.294  0.575 1.002  2500
phx.lf[2,4]           -0.028   0.094  -0.228 -0.083 -0.026  0.028  0.153 1.001  4000
phx.lf[3,4]           -0.063   0.119  -0.313 -0.132 -0.060  0.008  0.168 1.001  4000
phx.lf[4,4]            0.721   0.215   0.426  0.575  0.681  0.827  1.236 1.001  3500
phx.lf[5,4]            0.291   0.163   0.035  0.188  0.274  0.377  0.650 1.007  4000
phx.lf[1,5]            0.205   0.167  -0.081  0.096  0.189  0.300  0.566 1.001  4000
phx.lf[2,5]            0.097   0.093  -0.069  0.037  0.092  0.150  0.302 1.001  4000
phx.lf[3,5]           -0.099   0.117  -0.355 -0.161 -0.090 -0.024  0.105 1.001  3400
phx.lf[4,5]            0.291   0.163   0.035  0.188  0.274  0.377  0.650 1.007  4000
phx.lf[5,5]            0.696   0.206   0.405  0.558  0.663  0.796  1.169 1.000  4000
phx.ph[1,1]            0.220   0.110   0.086  0.144  0.195  0.266  0.504 1.002  1800
phx.ph[2,1]            0.079   0.100  -0.091  0.017  0.067  0.129  0.312 1.001  4000
phx.ph[3,1]            0.004   0.065  -0.126 -0.031  0.003  0.039  0.135 1.001  4000
phx.ph[4,1]           -0.046   0.073  -0.221 -0.079 -0.037 -0.002  0.070 1.001  4000
phx.ph[1,2]            0.079   0.100  -0.091  0.017  0.067  0.129  0.312 1.001  4000
phx.ph[2,2]            0.480   0.199   0.218  0.342  0.441  0.569  0.973 1.001  4000
phx.ph[3,2]            0.118   0.100  -0.036  0.055  0.104  0.164  0.362 1.001  4000
phx.ph[4,2]            0.020   0.093  -0.160 -0.031  0.018  0.068  0.213 1.002  1900
phx.ph[1,3]            0.004   0.065  -0.126 -0.031  0.003  0.039  0.135 1.001  4000
phx.ph[2,3]            0.118   0.100  -0.036  0.055  0.104  0.164  0.362 1.001  4000
phx.ph[3,3]            0.209   0.087   0.099  0.149  0.192  0.245  0.423 1.001  4000
phx.ph[4,3]            0.080   0.065  -0.020  0.039  0.070  0.110  0.230 1.002  3800
phx.ph[1,4]           -0.046   0.073  -0.221 -0.079 -0.037 -0.002  0.070 1.001  4000
phx.ph[2,4]            0.020   0.093  -0.160 -0.031  0.018  0.068  0.213 1.002  1900
phx.ph[3,4]            0.080   0.065  -0.020  0.039  0.070  0.110  0.230 1.002  3800
phx.ph[4,4]            0.202   0.092   0.091  0.141  0.183  0.238  0.440 1.001  4000
rho.lf[1,1]            1.000   0.000   1.000  1.000  1.000  1.000  1.000 1.000     1
rho.lf[2,1]           -0.094   0.183  -0.440 -0.222 -0.098  0.028  0.284 1.000  4000
rho.lf[3,1]           -0.407   0.159  -0.677 -0.522 -0.419 -0.303 -0.058 1.001  4000
rho.lf[4,1]            0.244   0.174  -0.117  0.130  0.253  0.364  0.560 1.001  3500
rho.lf[5,1]            0.251   0.173  -0.104  0.138  0.257  0.373  0.560 1.001  4000
rho.lf[1,2]           -0.094   0.183  -0.440 -0.222 -0.098  0.028  0.284 1.000  4000
rho.lf[2,2]            1.000   0.000   1.000  1.000  1.000  1.000  1.000 1.000     1
rho.lf[3,2]            0.049   0.183  -0.304 -0.079  0.050  0.175  0.411 1.001  4000
rho.lf[4,2]           -0.060   0.185  -0.409 -0.187 -0.063  0.066  0.304 1.001  4000
rho.lf[5,2]            0.210   0.178  -0.158  0.091  0.220  0.339  0.530 1.001  4000
rho.lf[1,3]           -0.407   0.159  -0.677 -0.522 -0.419 -0.303 -0.058 1.001  4000
rho.lf[2,3]            0.049   0.183  -0.304 -0.079  0.050  0.175  0.411 1.001  4000
rho.lf[3,3]            1.000   0.000   1.000  1.000  1.000  1.000  1.000 1.000     1
rho.lf[4,3]           -0.109   0.186  -0.453 -0.239 -0.115  0.016  0.266 1.001  4000
rho.lf[5,3]           -0.171   0.181  -0.512 -0.298 -0.174 -0.047  0.189 1.001  4000
rho.lf[1,4]            0.244   0.174  -0.117  0.130  0.253  0.364  0.560 1.001  3500
rho.lf[2,4]           -0.060   0.185  -0.409 -0.187 -0.063  0.066  0.304 1.001  4000
rho.lf[3,4]           -0.109   0.186  -0.453 -0.239 -0.115  0.016  0.266 1.001  4000
rho.lf[4,4]            1.000   0.000   1.000  1.000  1.000  1.000  1.000 1.000     1
rho.lf[5,4]            0.405   0.159   0.054  0.309  0.421  0.517  0.672 1.001  4000
rho.lf[1,5]            0.251   0.173  -0.104  0.138  0.257  0.373  0.560 1.001  4000
rho.lf[2,5]            0.210   0.178  -0.158  0.091  0.220  0.339  0.530 1.001  4000
rho.lf[3,5]           -0.171   0.181  -0.512 -0.298 -0.174 -0.047  0.189 1.001  4000
rho.lf[4,5]            0.405   0.159   0.054  0.309  0.421  0.517  0.672 1.001  4000
rho.lf[5,5]            1.000   0.000   1.000  1.000  1.000  1.000  1.000 1.000     1
rho.ph[1,1]            1.000   0.000   1.000  1.000  1.000  1.000  1.000 1.000     1
rho.ph[2,1]            0.234   0.250  -0.286  0.063  0.250  0.418  0.669 1.001  4000
rho.ph[3,1]            0.018   0.263  -0.500 -0.166  0.020  0.209  0.514 1.001  4000
rho.ph[4,1]           -0.196   0.268  -0.665 -0.397 -0.212 -0.013  0.352 1.001  4000
rho.ph[1,2]            0.234   0.250  -0.286  0.063  0.250  0.418  0.669 1.001  4000
rho.ph[2,2]            1.000   0.000   1.000  1.000  1.000  1.000  1.000 1.000     1
rho.ph[3,2]            0.363   0.224  -0.119  0.219  0.382  0.528  0.740 1.002  2600
rho.ph[4,2]            0.067   0.258  -0.439 -0.113  0.071  0.248  0.555 1.002  2300
rho.ph[1,3]            0.018   0.263  -0.500 -0.166  0.020  0.209  0.514 1.001  4000
rho.ph[2,3]            0.363   0.224  -0.119  0.219  0.382  0.528  0.740 1.002  2600
rho.ph[3,3]            1.000   0.000   1.000  1.000  1.000  1.000  1.000 1.000     1
rho.ph[4,3]            0.382   0.225  -0.117  0.241  0.407  0.548  0.753 1.001  4000
rho.ph[1,4]           -0.196   0.268  -0.665 -0.397 -0.212 -0.013  0.352 1.001  4000
rho.ph[2,4]            0.067   0.258  -0.439 -0.113  0.071  0.248  0.555 1.002  2300
rho.ph[3,4]            0.382   0.225  -0.117  0.241  0.407  0.548  0.753 1.001  4000
rho.ph[4,4]            1.000   0.000   1.000  1.000  1.000  1.000  1.000 1.000     1
sigmasq.indiv.cond     0.706   0.443   0.231  0.419  0.587  0.859  1.898 1.001  4000
sigmasq.indiv.fluor    0.889   0.580   0.277  0.511  0.725  1.089  2.439 1.001  4000
sigmasq.indiv.lftemp   0.981   0.834   0.265  0.519  0.778  1.184  2.902 1.004   910
sigmasq.indiv.photo   16.301 289.646   0.277  0.726  1.466  3.658 50.578 1.001  4000
sigmasq.indiv.trans    0.555   0.333   0.187  0.331  0.472  0.678  1.393 1.001  2900
sigmasq.photo          0.236   0.088   0.127  0.179  0.219  0.273  0.439 1.001  4000
deviance               4.156  21.093 -34.887 -9.992  3.896 17.451 46.476 1.001  4000

For each parameter, n.eff is a crude measure of effective sample size,
and Rhat is the potential scale reduction factor (at convergence, Rhat=1).

DIC info (using the rule, pD = var(deviance)/2)
pD = 222.6 and DIC = 226.7
DIC is an estimate of expected predictive error (lower deviance is better).
