Path analysis results at De Hoop 
 physiology-path-analysis-model-3.txt 

Inference for Bugs model at "physiology-path-analysis-model-3.txt", fit using jags,
 5 chains, each with 25000 iterations (first 5000 discarded), n.thin = 25
 n.sims = 4000 iterations saved
                     mu.vect sd.vect   2.5%    25%    50%    75%   97.5%  Rhat n.eff
beta.cond.lftemp       0.193   0.374 -0.489 -0.060  0.176  0.425   1.010 1.001  4000
beta.cond.trans       -0.714   0.277 -1.244 -0.902 -0.716 -0.539  -0.157 1.001  4000
beta.fluor.humid      -0.983   0.398 -1.767 -1.241 -0.984 -0.730  -0.165 1.001  4000
beta.fluor.lfarea     -0.223   0.340 -0.886 -0.444 -0.226 -0.009   0.453 1.001  4000
beta.fluor.lwr         0.536   0.364 -0.183  0.293  0.540  0.780   1.260 1.001  4000
beta.fluor.sdi         0.518   0.236  0.062  0.363  0.514  0.671   1.005 1.001  3900
beta.fluor.sla        -0.149   0.260 -0.652 -0.320 -0.141  0.020   0.367 1.001  4000
beta.fluor.spi        -0.214   0.267 -0.745 -0.388 -0.217 -0.034   0.310 1.001  4000
beta.fluor.temp       -0.358   0.298 -0.940 -0.553 -0.357 -0.168   0.229 1.001  4000
beta.lftemp.humid     -0.878   0.372 -1.608 -1.130 -0.879 -0.632  -0.143 1.005   630
beta.lftemp.lfarea    -0.048   0.243 -0.549 -0.201 -0.048  0.110   0.421 1.002  1700
beta.lftemp.lwr        0.375   0.288 -0.172  0.186  0.371  0.563   0.964 1.003  1400
beta.lftemp.sdi        0.122   0.161 -0.207  0.020  0.122  0.228   0.439 1.001  4000
beta.lftemp.sla        0.451   0.194  0.055  0.327  0.453  0.579   0.835 1.001  4000
beta.lftemp.spi       -0.581   0.198 -0.983 -0.710 -0.579 -0.449  -0.210 1.004   880
beta.lftemp.temp       0.204   0.280 -0.374  0.029  0.208  0.396   0.731 1.005   610
beta.photo.cond        0.582   0.191  0.204  0.456  0.581  0.706   0.961 1.001  4000
beta.photo.fluor       0.311   0.116  0.074  0.235  0.313  0.389   0.537 1.001  4000
beta.photo.humid       0.217   0.153 -0.087  0.116  0.216  0.318   0.516 1.001  2900
beta.photo.lftemp     -0.046   0.206 -0.455 -0.183 -0.044  0.084   0.369 1.001  2900
beta.photo.temp       -0.261   0.167 -0.596 -0.370 -0.261 -0.153   0.061 1.001  3700
beta.trans.humid       0.081   0.277 -0.462 -0.094  0.080  0.259   0.620 1.002  1800
beta.trans.lfarea      0.243   0.236 -0.214  0.091  0.240  0.397   0.710 1.002  2100
beta.trans.lwr         0.022   0.264 -0.519 -0.147  0.024  0.189   0.532 1.001  4000
beta.trans.sdi         0.399   0.156  0.094  0.297  0.398  0.496   0.715 1.000  4000
beta.trans.sla         0.035   0.183 -0.322 -0.086  0.032  0.152   0.409 1.002  2000
beta.trans.spi         0.345   0.182 -0.021  0.228  0.343  0.462   0.706 1.001  2900
beta.trans.temp       -0.106   0.213 -0.526 -0.245 -0.106  0.034   0.317 1.001  3800
mu.lf[1]               0.451   0.189  0.079  0.326  0.446  0.577   0.829 1.001  3200
mu.lf[2]              -0.608   0.108 -0.819 -0.680 -0.609 -0.535  -0.394 1.001  3600
mu.lf[3]              -0.597   0.135 -0.862 -0.685 -0.599 -0.511  -0.329 1.001  3500
mu.lf[4]              -0.320   0.165 -0.648 -0.432 -0.323 -0.211   0.005 1.001  3800
mu.lf[5]               0.658   0.163  0.334  0.556  0.660  0.765   0.977 1.001  4000
mu.ph[1,1]             1.149   0.369  0.422  0.913  1.140  1.385   1.904 1.001  4000
mu.ph[2,1]             0.637   0.391 -0.149  0.390  0.634  0.881   1.410 1.001  4000
mu.ph[3,1]            -0.577   0.323 -1.219 -0.787 -0.575 -0.361   0.059 1.001  4000
mu.ph[4,1]            -1.001   0.320 -1.643 -1.210 -0.993 -0.796  -0.377 1.001  2800
mu.ph[5,1]            -0.373   0.359 -1.064 -0.607 -0.379 -0.140   0.339 1.001  4000
mu.ph[6,1]            -1.134   0.348 -1.837 -1.359 -1.126 -0.911  -0.449 1.001  3100
mu.ph[7,1]             0.791   0.268  0.234  0.622  0.802  0.970   1.289 1.003  1100
mu.ph[8,1]             0.652   0.286  0.067  0.467  0.661  0.852   1.184 1.003  1000
mu.ph[9,1]            -0.199   0.254 -0.679 -0.368 -0.204 -0.040   0.310 1.001  4000
mu.ph[10,1]           -0.244   0.288 -0.782 -0.435 -0.252 -0.058   0.338 1.001  2800
mu.ph[11,1]            1.206   0.381  0.422  0.971  1.213  1.451   1.948 1.002  2500
mu.ph[12,1]            1.590   0.392  0.799  1.331  1.599  1.845   2.349 1.001  4000
mu.ph[13,1]           -1.020   0.368 -1.720 -1.255 -1.035 -0.794  -0.251 1.002  2300
mu.ph[14,1]           -0.852   0.318 -1.438 -1.068 -0.870 -0.640  -0.203 1.002  1900
mu.ph[15,1]            0.180   0.354 -0.496 -0.061  0.171  0.405   0.893 1.002  1600
mu.ph[16,1]            0.326   0.334 -0.327  0.096  0.322  0.545   1.005 1.002  2000
mu.ph[17,1]           -0.629   0.349 -1.307 -0.859 -0.634 -0.405   0.079 1.001  4000
mu.ph[18,1]           -1.138   0.345 -1.827 -1.360 -1.134 -0.913  -0.445 1.001  4000
mu.ph[19,1]            1.030   0.390  0.211  0.787  1.044  1.292   1.768 1.001  4000
mu.ph[20,1]            1.203   0.372  0.444  0.962  1.212  1.451   1.912 1.001  4000
mu.ph[21,1]            0.375   0.331 -0.280  0.162  0.380  0.590   1.028 1.002  1700
mu.ph[22,1]            1.019   0.338  0.363  0.801  1.018  1.244   1.688 1.002  1800
mu.ph[23,1]            0.612   0.352 -0.089  0.379  0.615  0.841   1.295 1.001  4000
mu.ph[24,1]            1.120   0.351  0.418  0.894  1.118  1.344   1.818 1.001  2800
mu.ph[25,1]            0.316   0.335 -0.360  0.101  0.324  0.535   0.961 1.001  4000
mu.ph[26,1]            0.772   0.331  0.087  0.563  0.781  0.984   1.399 1.001  4000
mu.ph[1,2]             1.491   0.535  0.452  1.147  1.493  1.847   2.525 1.001  4000
mu.ph[2,2]             0.240   0.594 -0.940 -0.149  0.242  0.639   1.381 1.000  4000
mu.ph[3,2]             0.630   0.459 -0.273  0.328  0.630  0.929   1.543 1.001  4000
mu.ph[4,2]             0.514   0.458 -0.425  0.222  0.516  0.819   1.388 1.001  4000
mu.ph[5,2]            -0.368   0.496 -1.320 -0.700 -0.383 -0.045   0.622 1.001  4000
mu.ph[6,2]            -0.824   0.487 -1.780 -1.151 -0.831 -0.505   0.141 1.001  4000
mu.ph[7,2]             1.349   0.381  0.569  1.108  1.356  1.596   2.085 1.001  3200
mu.ph[8,2]             1.214   0.378  0.478  0.961  1.217  1.467   1.957 1.001  3700
mu.ph[9,2]             0.421   0.366 -0.312  0.184  0.420  0.668   1.132 1.001  3700
mu.ph[10,2]            0.235   0.410 -0.594 -0.028  0.240  0.502   1.024 1.001  3700
mu.ph[11,2]            1.932   0.543  0.853  1.578  1.929  2.297   2.981 1.001  4000
mu.ph[12,2]            1.028   0.569 -0.103  0.660  1.030  1.416   2.144 1.001  3600
mu.ph[13,2]            1.080   0.529  0.079  0.730  1.075  1.416   2.149 1.001  4000
mu.ph[14,2]            0.201   0.439 -0.675 -0.083  0.202  0.487   1.081 1.001  4000
mu.ph[15,2]           -0.448   0.512 -1.424 -0.793 -0.463 -0.134   0.579 1.002  1800
mu.ph[16,2]           -1.159   0.506 -2.141 -1.500 -1.161 -0.831  -0.167 1.001  4000
mu.ph[17,2]           -1.328   0.509 -2.364 -1.659 -1.331 -0.995  -0.311 1.000  4000
mu.ph[18,2]           -1.783   0.510 -2.757 -2.109 -1.787 -1.458  -0.735 1.001  4000
mu.ph[19,2]           -0.375   0.555 -1.450 -0.742 -0.378 -0.019   0.731 1.001  4000
mu.ph[20,2]           -1.297   0.520 -2.339 -1.632 -1.299 -0.960  -0.284 1.001  3100
mu.ph[21,2]            0.447   0.445 -0.431  0.158  0.450  0.745   1.326 1.001  4000
mu.ph[22,2]            1.256   0.484  0.291  0.931  1.278  1.576   2.206 1.001  4000
mu.ph[23,2]           -0.955   0.514 -1.994 -1.281 -0.953 -0.623   0.053 1.001  4000
mu.ph[24,2]           -0.026   0.515 -1.028 -0.358 -0.038  0.305   1.012 1.001  4000
mu.ph[25,2]            0.046   0.469 -0.867 -0.259  0.036  0.359   0.985 1.001  2800
mu.ph[26,2]           -0.455   0.468 -1.377 -0.773 -0.448 -0.147   0.477 1.001  3700
mu.ph[1,3]             0.690   0.363 -0.028  0.454  0.690  0.930   1.396 1.001  4000
mu.ph[2,3]             0.377   0.400 -0.418  0.118  0.389  0.641   1.121 1.001  4000
mu.ph[3,3]             0.478   0.316 -0.172  0.280  0.476  0.682   1.093 1.001  4000
mu.ph[4,3]             0.650   0.308  0.025  0.452  0.662  0.854   1.253 1.001  4000
mu.ph[5,3]            -0.339   0.338 -1.018 -0.553 -0.337 -0.119   0.321 1.001  3800
mu.ph[6,3]            -0.405   0.323 -1.038 -0.611 -0.403 -0.201   0.237 1.001  4000
mu.ph[7,3]            -0.405   0.248 -0.889 -0.569 -0.408 -0.244   0.080 1.001  2900
mu.ph[8,3]            -0.069   0.254 -0.580 -0.235 -0.069  0.097   0.429 1.001  4000
mu.ph[9,3]            -0.295   0.242 -0.778 -0.450 -0.290 -0.136   0.184 1.001  4000
mu.ph[10,3]           -0.715   0.267 -1.271 -0.887 -0.711 -0.537  -0.192 1.000  4000
mu.ph[11,3]           -0.277   0.364 -0.997 -0.513 -0.274 -0.047   0.449 1.001  3100
mu.ph[12,3]           -0.509   0.387 -1.267 -0.761 -0.508 -0.258   0.265 1.001  3100
mu.ph[13,3]            0.794   0.362  0.102  0.559  0.790  1.024   1.517 1.001  3800
mu.ph[14,3]           -0.236   0.291 -0.816 -0.424 -0.234 -0.049   0.340 1.001  4000
mu.ph[15,3]            0.007   0.345 -0.662 -0.217 -0.006  0.224   0.726 1.001  4000
mu.ph[16,3]           -1.024   0.340 -1.683 -1.255 -1.025 -0.803  -0.348 1.001  4000
mu.ph[17,3]           -0.818   0.338 -1.465 -1.044 -0.826 -0.604  -0.134 1.001  4000
mu.ph[18,3]           -0.942   0.336 -1.596 -1.158 -0.948 -0.730  -0.252 1.001  3900
mu.ph[19,3]            0.973   0.372  0.232  0.742  0.976  1.212   1.698 1.001  4000
mu.ph[20,3]           -0.665   0.357 -1.383 -0.897 -0.660 -0.431   0.033 1.002  2200
mu.ph[21,3]            0.257   0.305 -0.346  0.055  0.255  0.465   0.858 1.001  4000
mu.ph[22,3]            0.171   0.325 -0.463 -0.045  0.174  0.381   0.804 1.001  3400
mu.ph[23,3]           -0.488   0.347 -1.180 -0.716 -0.480 -0.259   0.191 1.002  2500
mu.ph[24,3]            0.482   0.350 -0.217  0.259  0.487  0.714   1.189 1.001  4000
mu.ph[25,3]           -0.824   0.342 -1.468 -1.050 -0.827 -0.610  -0.113 1.001  4000
mu.ph[26,3]           -1.523   0.334 -2.153 -1.741 -1.533 -1.310  -0.847 1.001  4000
mu.photo[1]           -0.125   0.261 -0.658 -0.292 -0.127  0.044   0.399 1.001  4000
mu.photo[2]           -0.803   0.210 -1.212 -0.938 -0.804 -0.666  -0.386 1.001  4000
mu.photo[3]            1.185   0.160  0.866  1.084  1.186  1.284   1.500 1.001  4000
mu.photo[4]            1.724   0.211  1.305  1.585  1.726  1.861   2.125 1.000  4000
mu.photo[5]            0.676   0.232  0.221  0.524  0.676  0.823   1.134 1.000  4000
mu.photo[6]            0.371   0.201 -0.021  0.242  0.369  0.497   0.776 1.001  4000
mu.photo[7]            0.615   0.234  0.164  0.459  0.615  0.767   1.079 1.001  4000
mu.photo[8]            0.531   0.185  0.169  0.409  0.530  0.652   0.904 1.001  4000
mu.photo[9]            1.238   0.211  0.817  1.099  1.240  1.378   1.646 1.001  4000
mu.photo[10]           0.868   0.230  0.412  0.717  0.870  1.023   1.328 1.001  4000
mu.photo[11]          -0.680   0.263 -1.197 -0.850 -0.681 -0.509  -0.174 1.000  4000
mu.photo[12]          -0.881   0.229 -1.330 -1.031 -0.883 -0.731  -0.433 1.001  4000
mu.photo[13]           1.513   0.242  1.030  1.356  1.511  1.670   1.991 1.001  4000
mu.photo[14]           0.910   0.202  0.503  0.782  0.910  1.040   1.313 1.002  2500
mu.photo[15]          -0.936   0.249 -1.438 -1.094 -0.932 -0.780  -0.442 1.002  2300
mu.photo[16]          -2.327   0.335 -2.992 -2.548 -2.327 -2.107  -1.681 1.001  4000
mu.photo[17]           0.601   0.256  0.089  0.432  0.603  0.773   1.114 1.000  4000
mu.photo[18]           1.307   0.227  0.858  1.160  1.308  1.458   1.755 1.000  4000
mu.photo[19]           0.095   0.275 -0.473 -0.085  0.100  0.274   0.641 1.001  3900
mu.photo[20]          -0.501   0.227 -0.954 -0.650 -0.497 -0.352  -0.057 1.001  3600
mu.photo[21]          -0.155   0.130 -0.404 -0.242 -0.157 -0.067   0.091 1.001  4000
mu.photo[22]          -0.107   0.173 -0.447 -0.224 -0.107  0.011   0.220 1.001  4000
mu.photo[23]          -0.598   0.234 -1.062 -0.751 -0.597 -0.446  -0.123 1.002  2500
mu.photo[24]          -0.533   0.222 -0.984 -0.679 -0.532 -0.390  -0.089 1.002  2300
mu.photo[25]          -0.452   0.169 -0.781 -0.565 -0.456 -0.340  -0.115 1.001  4000
mu.photo[26]          -1.205   0.247 -1.696 -1.367 -1.202 -1.041  -0.722 1.001  4000
phx.lf[1,1]            0.930   0.266  0.540  0.745  0.885  1.066   1.596 1.001  4000
phx.lf[2,1]           -0.048   0.106 -0.276 -0.111 -0.046  0.017   0.165 1.001  3200
phx.lf[3,1]           -0.277   0.143 -0.616 -0.353 -0.260 -0.179  -0.041 1.001  4000
phx.lf[4,1]            0.197   0.173 -0.109  0.088  0.183  0.290   0.586 1.001  4000
phx.lf[5,1]            0.204   0.168 -0.087  0.096  0.191  0.291   0.586 1.001  4000
phx.lf[1,2]           -0.048   0.106 -0.276 -0.111 -0.046  0.017   0.165 1.001  3200
phx.lf[2,2]            0.302   0.091  0.177  0.239  0.285  0.346   0.524 1.001  4000
phx.lf[3,2]            0.016   0.077 -0.141 -0.028  0.014  0.061   0.172 1.002  1700
phx.lf[4,2]           -0.026   0.098 -0.233 -0.080 -0.024  0.034   0.169 1.001  3500
phx.lf[5,2]            0.100   0.096 -0.071  0.040  0.093  0.152   0.314 1.001  4000
phx.lf[1,3]           -0.277   0.143 -0.616 -0.353 -0.260 -0.179  -0.041 1.001  4000
phx.lf[2,3]            0.016   0.077 -0.141 -0.028  0.014  0.061   0.172 1.002  1700
phx.lf[3,3]            0.465   0.136  0.274  0.368  0.443  0.535   0.793 1.000  4000
phx.lf[4,3]           -0.064   0.117 -0.309 -0.131 -0.059  0.008   0.161 1.001  4000
phx.lf[5,3]           -0.101   0.116 -0.354 -0.168 -0.095 -0.025   0.111 1.000  4000
phx.lf[1,4]            0.197   0.173 -0.109  0.088  0.183  0.290   0.586 1.001  4000
phx.lf[2,4]           -0.026   0.098 -0.233 -0.080 -0.024  0.034   0.169 1.001  3500
phx.lf[3,4]           -0.064   0.117 -0.309 -0.131 -0.059  0.008   0.161 1.001  4000
phx.lf[4,4]            0.723   0.217  0.420  0.573  0.686  0.827   1.257 1.001  4000
phx.lf[5,4]            0.293   0.156  0.043  0.190  0.274  0.373   0.664 1.000  4000
phx.lf[1,5]            0.204   0.168 -0.087  0.096  0.191  0.291   0.586 1.001  4000
phx.lf[2,5]            0.100   0.096 -0.071  0.040  0.093  0.152   0.314 1.001  4000
phx.lf[3,5]           -0.101   0.116 -0.354 -0.168 -0.095 -0.025   0.111 1.000  4000
phx.lf[4,5]            0.293   0.156  0.043  0.190  0.274  0.373   0.664 1.000  4000
phx.lf[5,5]            0.698   0.206  0.403  0.553  0.664  0.800   1.201 1.001  3800
phx.ph[1,1]            0.209   0.099  0.080  0.140  0.189  0.253   0.460 1.002  1500
phx.ph[2,1]            0.078   0.098 -0.091  0.018  0.067  0.129   0.304 1.000  4000
phx.ph[3,1]            0.013   0.063 -0.112 -0.022  0.011  0.045   0.145 1.002  1900
phx.ph[1,2]            0.078   0.098 -0.091  0.018  0.067  0.129   0.304 1.000  4000
phx.ph[2,2]            0.480   0.204  0.226  0.342  0.438  0.564   0.987 1.001  4000
phx.ph[3,2]            0.117   0.098 -0.039  0.056  0.103  0.164   0.345 1.002  2300
phx.ph[1,3]            0.013   0.063 -0.112 -0.022  0.011  0.045   0.145 1.002  1900
phx.ph[2,3]            0.117   0.098 -0.039  0.056  0.103  0.164   0.345 1.002  2300
phx.ph[3,3]            0.210   0.088  0.098  0.150  0.190  0.250   0.420 1.001  4000
rho.lf[1,1]            1.000   0.000  1.000  1.000  1.000  1.000   1.000 1.000     1
rho.lf[2,1]           -0.089   0.185 -0.442 -0.217 -0.094  0.035   0.291 1.001  3600
rho.lf[3,1]           -0.415   0.156 -0.677 -0.528 -0.428 -0.315  -0.073 1.001  3800
rho.lf[4,1]            0.236   0.178 -0.137  0.124  0.242  0.363   0.561 1.001  3700
rho.lf[5,1]            0.248   0.174 -0.110  0.134  0.258  0.369   0.568 1.001  4000
rho.lf[1,2]           -0.089   0.185 -0.442 -0.217 -0.094  0.035   0.291 1.001  3600
rho.lf[2,2]            1.000   0.000  1.000  1.000  1.000  1.000   1.000 1.000     1
rho.lf[3,2]            0.042   0.188 -0.332 -0.081  0.043  0.171   0.399 1.002  1900
rho.lf[4,2]           -0.054   0.191 -0.425 -0.187 -0.057  0.077   0.320 1.001  4000
rho.lf[5,2]            0.214   0.179 -0.161  0.097  0.222  0.339   0.547 1.001  4000
rho.lf[1,3]           -0.415   0.156 -0.677 -0.528 -0.428 -0.315  -0.073 1.001  3800
rho.lf[2,3]            0.042   0.188 -0.332 -0.081  0.043  0.171   0.399 1.002  1900
rho.lf[3,3]            1.000   0.000  1.000  1.000  1.000  1.000   1.000 1.000     1
rho.lf[4,3]           -0.109   0.184 -0.456 -0.234 -0.112  0.014   0.263 1.001  4000
rho.lf[5,3]           -0.174   0.182 -0.510 -0.304 -0.182 -0.050   0.196 1.000  4000
rho.lf[1,4]            0.236   0.178 -0.137  0.124  0.242  0.363   0.561 1.001  3700
rho.lf[2,4]           -0.054   0.191 -0.425 -0.187 -0.057  0.077   0.320 1.001  4000
rho.lf[3,4]           -0.109   0.184 -0.456 -0.234 -0.112  0.014   0.263 1.001  4000
rho.lf[4,4]            1.000   0.000  1.000  1.000  1.000  1.000   1.000 1.000     1
rho.lf[5,4]            0.406   0.156  0.067  0.305  0.419  0.516   0.675 1.000  4000
rho.lf[1,5]            0.248   0.174 -0.110  0.134  0.258  0.369   0.568 1.001  4000
rho.lf[2,5]            0.214   0.179 -0.161  0.097  0.222  0.339   0.547 1.001  4000
rho.lf[3,5]           -0.174   0.182 -0.510 -0.304 -0.182 -0.050   0.196 1.000  4000
rho.lf[4,5]            0.406   0.156  0.067  0.305  0.419  0.516   0.675 1.000  4000
rho.lf[5,5]            1.000   0.000  1.000  1.000  1.000  1.000   1.000 1.000     1
rho.ph[1,1]            1.000   0.000  1.000  1.000  1.000  1.000   1.000 1.000     1
rho.ph[2,1]            0.235   0.251 -0.299  0.070  0.252  0.420   0.669 1.001  4000
rho.ph[3,1]            0.055   0.262 -0.466 -0.125  0.062  0.240   0.533 1.001  4000
rho.ph[1,2]            0.235   0.251 -0.299  0.070  0.252  0.420   0.669 1.001  4000
rho.ph[2,2]            1.000   0.000  1.000  1.000  1.000  1.000   1.000 1.000     1
rho.ph[3,2]            0.361   0.221 -0.128  0.223  0.380  0.526   0.729 1.002  1700
rho.ph[1,3]            0.055   0.262 -0.466 -0.125  0.062  0.240   0.533 1.001  4000
rho.ph[2,3]            0.361   0.221 -0.128  0.223  0.380  0.526   0.729 1.002  1700
rho.ph[3,3]            1.000   0.000  1.000  1.000  1.000  1.000   1.000 1.000     1
sigmasq.cond           0.471   0.187  0.224  0.341  0.436  0.557   0.926 1.001  4000
sigmasq.indiv.cond     0.790   0.568  0.221  0.434  0.645  0.964   2.268 1.002  2300
sigmasq.indiv.fluor    0.903   0.599  0.285  0.522  0.747  1.095   2.523 1.001  4000
sigmasq.indiv.lftemp   1.051   0.719  0.291  0.583  0.858  1.286   2.840 1.002  1700
sigmasq.indiv.trans    0.552   0.357  0.188  0.332  0.465  0.656   1.448 1.001  3500
sigmasq.photo          0.225   0.082  0.122  0.173  0.210  0.259   0.414 1.001  4000
deviance              83.813  20.042 46.587 69.912 83.497 96.705 123.514 1.002  2100

For each parameter, n.eff is a crude measure of effective sample size,
and Rhat is the potential scale reduction factor (at convergence, Rhat=1).

DIC info (using the rule, pD = var(deviance)/2)
pD = 200.7 and DIC = 284.5
DIC is an estimate of expected predictive error (lower deviance is better).
