Path analysis results at De Hoop 

Inference for Bugs model at "physiology-path-analysis.txt", fit using jags,
 5 chains, each with 25000 iterations (first 5000 discarded), n.thin = 25
 n.sims = 4000 iterations saved
                   mu.vect sd.vect     2.5%      25%     50%     75%   97.5%  Rhat n.eff
beta.fluor.humid    -0.999   0.395   -1.778   -1.255  -1.000  -0.737  -0.202 1.002  1800
beta.fluor.lfarea   -0.229   0.350   -0.910   -0.457  -0.235  -0.005   0.484 1.002  2600
beta.fluor.lwr       0.536   0.367   -0.190    0.298   0.533   0.782   1.257 1.002  2300
beta.fluor.sdi       0.528   0.231    0.084    0.377   0.527   0.675   0.990 1.002  2200
beta.fluor.sla      -0.140   0.258   -0.655   -0.311  -0.141   0.030   0.389 1.001  4000
beta.fluor.spi      -0.224   0.265   -0.738   -0.398  -0.224  -0.046   0.295 1.001  4000
beta.fluor.temp     -0.367   0.295   -0.949   -0.569  -0.368  -0.172   0.209 1.001  4000
beta.lftemp.humid   -0.882   0.378   -1.646   -1.137  -0.879  -0.632  -0.148 1.002  2600
beta.lftemp.lfarea  -0.044   0.247   -0.569   -0.196  -0.042   0.116   0.430 1.001  4000
beta.lftemp.lwr      0.367   0.291   -0.198    0.172   0.367   0.554   0.967 1.001  4000
beta.lftemp.sdi      0.127   0.161   -0.186    0.024   0.128   0.231   0.450 1.001  4000
beta.lftemp.sla      0.458   0.201    0.068    0.325   0.459   0.591   0.856 1.001  3200
beta.lftemp.spi     -0.580   0.199   -0.983   -0.707  -0.572  -0.449  -0.196 1.001  4000
beta.lftemp.temp     0.200   0.282   -0.373    0.014   0.203   0.389   0.736 1.001  3700
beta.photo.fluor     0.295   0.138    0.031    0.204   0.295   0.384   0.570 1.001  3900
beta.photo.humid     0.019   0.200   -0.368   -0.112   0.021   0.146   0.417 1.001  3000
beta.photo.lftemp   -0.396   0.149   -0.697   -0.496  -0.395  -0.298  -0.107 1.002  2600
beta.photo.temp     -0.680   0.191   -1.060   -0.805  -0.681  -0.557  -0.287 1.001  4000
beta.photo.trans     0.465   0.194    0.091    0.337   0.467   0.588   0.844 1.001  3700
beta.trans.humid     0.062   0.283   -0.508   -0.121   0.064   0.244   0.607 1.003  1100
beta.trans.lfarea    0.238   0.236   -0.230    0.082   0.241   0.392   0.710 1.003  1400
beta.trans.lwr       0.018   0.263   -0.503   -0.153   0.014   0.196   0.541 1.002  1700
beta.trans.sdi       0.404   0.155    0.108    0.301   0.398   0.507   0.711 1.001  4000
beta.trans.sla       0.035   0.180   -0.321   -0.083   0.036   0.154   0.397 1.001  4000
beta.trans.spi       0.347   0.184   -0.014    0.226   0.349   0.465   0.711 1.002  2000
beta.trans.temp     -0.116   0.211   -0.526   -0.252  -0.117   0.025   0.296 1.001  2900
mu.lf[1,1]           2.235   0.584    0.995    1.894   2.245   2.600   3.354 1.001  4000
mu.lf[2,1]           2.915   0.572    1.759    2.574   2.937   3.270   4.001 1.001  3900
mu.lf[3,1]          -0.712   0.580   -1.883   -1.055  -0.718  -0.372   0.457 1.001  4000
mu.lf[4,1]          -1.245   0.574   -2.392   -1.594  -1.247  -0.907  -0.057 1.000  4000
mu.lf[5,1]           0.735   0.571   -0.454    0.400   0.743   1.086   1.846 1.001  4000
mu.lf[6,1]          -0.550   0.580   -1.715   -0.901  -0.550  -0.207   0.637 1.001  2900
mu.lf[7,1]           0.553   0.570   -0.569    0.205   0.562   0.891   1.733 1.002  2400
mu.lf[8,1]           0.970   0.567   -0.190    0.648   0.976   1.319   2.074 1.001  4000
mu.lf[9,1]           0.849   0.574   -0.326    0.507   0.854   1.186   2.015 1.001  3100
mu.lf[10,1]          0.344   0.567   -0.798   -0.001   0.348   0.696   1.435 1.000  4000
mu.lf[11,1]          0.117   0.562   -1.038   -0.238   0.128   0.447   1.253 1.001  3200
mu.lf[12,1]          0.447   0.573   -0.722    0.091   0.443   0.781   1.597 1.002  2100
mu.lf[13,1]         -0.607   0.570   -1.810   -0.935  -0.599  -0.267   0.554 1.001  4000
mu.lf[14,1]          0.010   0.572   -1.187   -0.339   0.017   0.355   1.146 1.001  4000
mu.lf[15,1]          0.050   0.560   -1.032   -0.302   0.046   0.376   1.217 1.001  4000
mu.lf[16,1]          0.102   0.567   -1.040   -0.240   0.107   0.456   1.247 1.001  3600
mu.lf[17,1]          1.401   0.568    0.226    1.072   1.423   1.750   2.512 1.003  1200
mu.lf[18,1]          1.406   0.556    0.223    1.087   1.415   1.740   2.522 1.001  4000
mu.lf[19,1]          1.777   0.561    0.618    1.447   1.786   2.120   2.924 1.001  4000
mu.lf[20,1]          0.371   0.576   -0.785    0.027   0.376   0.717   1.513 1.001  4000
mu.lf[21,1]          0.078   0.578   -1.076   -0.272   0.078   0.423   1.253 1.001  4000
mu.lf[22,1]         -0.040   0.575   -1.220   -0.382  -0.043   0.314   1.077 1.001  4000
mu.lf[23,1]         -0.267   0.563   -1.376   -0.615  -0.262   0.067   0.906 1.001  4000
mu.lf[24,1]          0.357   0.561   -0.776    0.015   0.363   0.695   1.485 1.002  2300
mu.lf[25,1]          0.044   0.561   -1.115   -0.297   0.045   0.378   1.179 1.002  1600
mu.lf[26,1]          0.138   0.559   -0.999   -0.200   0.139   0.476   1.269 1.001  3900
mu.lf[1,2]          -1.154   0.564   -2.297   -1.496  -1.158  -0.815   0.005 1.001  4000
mu.lf[2,2]          -1.107   0.582   -2.244   -1.447  -1.114  -0.763   0.084 1.001  4000
mu.lf[3,2]          -1.145   0.567   -2.275   -1.481  -1.144  -0.816  -0.005 1.001  4000
mu.lf[4,2]          -0.672   0.570   -1.811   -1.000  -0.670  -0.336   0.466 1.001  2800
mu.lf[5,2]          -0.330   0.561   -1.456   -0.670  -0.329   0.014   0.782 1.001  4000
mu.lf[6,2]          -1.117   0.549   -2.237   -1.451  -1.121  -0.783   0.018 1.001  4000
mu.lf[7,2]          -0.474   0.559   -1.599   -0.813  -0.481  -0.148   0.687 1.001  3300
mu.lf[8,2]          -0.500   0.548   -1.610   -0.822  -0.503  -0.176   0.601 1.001  3100
mu.lf[9,2]          -0.641   0.576   -1.749   -0.985  -0.646  -0.314   0.601 1.001  3900
mu.lf[10,2]         -0.429   0.564   -1.573   -0.765  -0.428  -0.098   0.724 1.002  1900
mu.lf[11,2]         -0.523   0.554   -1.655   -0.845  -0.524  -0.181   0.564 1.001  4000
mu.lf[12,2]         -0.678   0.568   -1.835   -1.021  -0.684  -0.335   0.483 1.001  2800
mu.lf[13,2]         -0.649   0.568   -1.758   -1.001  -0.652  -0.314   0.512 1.001  4000
mu.lf[14,2]         -1.162   0.568   -2.302   -1.498  -1.160  -0.827  -0.024 1.001  3300
mu.lf[15,2]          0.061   0.544   -1.069   -0.256   0.065   0.393   1.160 1.002  1600
mu.lf[16,2]         -1.075   0.560   -2.216   -1.410  -1.077  -0.740   0.098 1.002  1900
mu.lf[17,2]         -0.411   0.559   -1.533   -0.754  -0.410  -0.078   0.710 1.002  2500
mu.lf[18,2]         -1.452   0.553   -2.533   -1.800  -1.465  -1.120  -0.298 1.001  4000
mu.lf[19,2]          0.011   0.559   -1.079   -0.329   0.007   0.353   1.160 1.001  2900
mu.lf[20,2]         -0.400   0.584   -1.578   -0.742  -0.403  -0.060   0.769 1.001  4000
mu.lf[21,2]         -0.349   0.570   -1.505   -0.675  -0.352  -0.003   0.770 1.002  2300
mu.lf[22,2]         -0.210   0.567   -1.405   -0.545  -0.207   0.138   0.934 1.002  3200
mu.lf[23,2]         -0.159   0.560   -1.248   -0.498  -0.167   0.179   0.958 1.001  4000
mu.lf[24,2]          0.895   0.557   -0.241    0.561   0.908   1.236   1.993 1.001  4000
mu.lf[25,2]         -0.613   0.558   -1.734   -0.950  -0.617  -0.273   0.547 1.001  3700
mu.lf[26,2]         -1.131   0.569   -2.269   -1.470  -1.140  -0.787  -0.027 1.001  4000
mu.lf[1,3]          -1.117   0.568   -2.260   -1.457  -1.129  -0.773   0.064 1.002  2400
mu.lf[2,3]          -1.076   0.584   -2.235   -1.436  -1.089  -0.731   0.158 1.000  4000
mu.lf[3,3]          -0.511   0.561   -1.627   -0.846  -0.515  -0.172   0.640 1.002  2400
mu.lf[4,3]           0.189   0.562   -0.967   -0.139   0.190   0.534   1.309 1.001  4000
mu.lf[5,3]          -1.503   0.569   -2.598   -1.844  -1.513  -1.177  -0.350 1.001  4000
mu.lf[6,3]          -0.695   0.552   -1.809   -1.034  -0.699  -0.357   0.406 1.000  4000
mu.lf[7,3]          -0.240   0.566   -1.376   -0.587  -0.238   0.101   0.891 1.001  4000
mu.lf[8,3]          -0.074   0.556   -1.194   -0.417  -0.066   0.272   1.058 1.001  4000
mu.lf[9,3]          -0.548   0.545   -1.649   -0.887  -0.549  -0.227   0.593 1.001  4000
mu.lf[10,3]         -0.380   0.569   -1.541   -0.717  -0.379  -0.028   0.743 1.001  4000
mu.lf[11,3]         -0.889   0.566   -2.034   -1.231  -0.887  -0.554   0.238 1.001  3000
mu.lf[12,3]          0.944   0.561   -0.161    0.599   0.950   1.291   2.046 1.001  4000
mu.lf[13,3]          0.021   0.562   -1.052   -0.328   0.010   0.359   1.167 1.001  4000
mu.lf[14,3]         -1.079   0.561   -2.197   -1.416  -1.093  -0.746   0.066 1.001  4000
mu.lf[15,3]          0.594   0.556   -0.521    0.261   0.601   0.934   1.719 1.001  4000
mu.lf[16,3]         -0.303   0.585   -1.490   -0.645  -0.311   0.040   0.912 1.001  4000
mu.lf[17,3]         -0.739   0.571   -1.903   -1.078  -0.736  -0.395   0.433 1.001  4000
mu.lf[18,3]         -1.459   0.560   -2.577   -1.805  -1.461  -1.120  -0.296 1.001  2700
mu.lf[19,3]         -1.801   0.553   -2.886   -2.141  -1.803  -1.473  -0.651 1.001  4000
mu.lf[20,3]         -1.163   0.568   -2.287   -1.503  -1.169  -0.821  -0.013 1.001  4000
mu.lf[21,3]         -0.514   0.555   -1.634   -0.851  -0.520  -0.168   0.581 1.001  4000
mu.lf[22,3]         -0.854   0.563   -1.991   -1.202  -0.857  -0.505   0.248 1.001  4000
mu.lf[23,3]         -1.181   0.556   -2.282   -1.521  -1.183  -0.856  -0.035 1.001  3300
mu.lf[24,3]         -0.481   0.570   -1.614   -0.823  -0.480  -0.129   0.677 1.001  4000
mu.lf[25,3]         -0.261   0.567   -1.365   -0.602  -0.264   0.068   0.929 1.001  4000
mu.lf[26,3]         -0.023   0.567   -1.169   -0.363  -0.031   0.315   1.126 1.001  3500
mu.lf[1,4]           0.609   0.551   -0.543    0.279   0.622   0.943   1.665 1.001  4000
mu.lf[2,4]           1.638   0.580    0.438    1.297   1.639   1.989   2.788 1.001  4000
mu.lf[3,4]          -0.451   0.571   -1.570   -0.799  -0.449  -0.110   0.738 1.001  4000
mu.lf[4,4]           0.006   0.563   -1.146   -0.330   0.006   0.345   1.099 1.001  4000
mu.lf[5,4]           0.327   0.561   -0.761   -0.020   0.321   0.662   1.486 1.001  3300
mu.lf[6,4]          -0.012   0.564   -1.164   -0.351  -0.016   0.330   1.146 1.002  1900
mu.lf[7,4]          -0.946   0.544   -2.020   -1.293  -0.957  -0.607   0.158 1.001  3800
mu.lf[8,4]          -0.398   0.549   -1.515   -0.742  -0.387  -0.041   0.659 1.001  4000
mu.lf[9,4]          -0.810   0.561   -1.925   -1.154  -0.814  -0.478   0.336 1.001  4000
mu.lf[10,4]         -1.178   0.538   -2.254   -1.508  -1.183  -0.852  -0.069 1.001  4000
mu.lf[11,4]         -0.380   0.570   -1.502   -0.711  -0.383  -0.051   0.774 1.002  2300
mu.lf[12,4]         -1.219   0.555   -2.286   -1.554  -1.222  -0.895  -0.063 1.001  4000
mu.lf[13,4]         -0.015   0.553   -1.137   -0.352  -0.007   0.322   1.094 1.001  4000
mu.lf[14,4]         -0.373   0.572   -1.564   -0.727  -0.363  -0.027   0.791 1.001  2700
mu.lf[15,4]          0.238   0.546   -0.844   -0.092   0.237   0.564   1.325 1.001  3700
mu.lf[16,4]         -0.837   0.559   -1.960   -1.181  -0.843  -0.498   0.309 1.001  4000
mu.lf[17,4]         -1.557   0.574   -2.680   -1.903  -1.556  -1.228  -0.387 1.002  1900
mu.lf[18,4]         -1.298   0.554   -2.376   -1.643  -1.305  -0.963  -0.172 1.001  4000
mu.lf[19,4]          0.844   0.568   -0.307    0.505   0.860   1.193   1.965 1.001  2900
mu.lf[20,4]         -1.353   0.561   -2.511   -1.682  -1.348  -1.020  -0.239 1.000  4000
mu.lf[21,4]          0.504   0.555   -0.615    0.168   0.499   0.836   1.611 1.001  4000
mu.lf[22,4]         -0.389   0.558   -1.516   -0.724  -0.389  -0.061   0.747 1.002  2100
mu.lf[23,4]         -1.243   0.563   -2.330   -1.587  -1.260  -0.903  -0.082 1.001  4000
mu.lf[24,4]         -0.672   0.541   -1.703   -1.005  -0.687  -0.335   0.405 1.001  2900
mu.lf[25,4]          1.019   0.546   -0.081    0.697   1.023   1.353   2.105 1.002  1600
mu.lf[26,4]         -0.180   0.555   -1.298   -0.519  -0.180   0.155   0.946 1.001  3800
mu.lf[1,5]           2.544   0.563    1.388    2.204   2.550   2.894   3.649 1.001  3800
mu.lf[2,5]           0.792   0.575   -0.371    0.449   0.803   1.137   1.905 1.001  4000
mu.lf[3,5]           0.805   0.561   -0.345    0.466   0.811   1.138   1.929 1.001  4000
mu.lf[4,5]           0.418   0.569   -0.733    0.090   0.420   0.764   1.560 1.002  1600
mu.lf[5,5]           0.030   0.578   -1.108   -0.316   0.026   0.364   1.247 1.001  2800
mu.lf[6,5]          -0.165   0.559   -1.270   -0.503  -0.175   0.173   0.955 1.001  4000
mu.lf[7,5]           0.415   0.566   -0.751    0.068   0.410   0.764   1.579 1.001  3800
mu.lf[8,5]           0.603   0.562   -0.561    0.270   0.620   0.939   1.684 1.001  2800
mu.lf[9,5]           0.409   0.563   -0.758    0.077   0.407   0.739   1.555 1.001  3800
mu.lf[10,5]         -0.366   0.570   -1.525   -0.714  -0.358  -0.016   0.732 1.001  2700
mu.lf[11,5]          0.995   0.563   -0.185    0.664   0.999   1.338   2.101 1.002  2100
mu.lf[12,5]          0.041   0.563   -1.087   -0.293   0.042   0.374   1.160 1.001  4000
mu.lf[13,5]          2.165   0.574    1.027    1.835   2.171   2.505   3.314 1.001  4000
mu.lf[14,5]          0.618   0.572   -0.561    0.284   0.623   0.971   1.737 1.001  4000
mu.lf[15,5]          1.186   0.558    0.036    0.849   1.203   1.528   2.254 1.001  3700
mu.lf[16,5]          0.226   0.563   -0.870   -0.112   0.223   0.563   1.392 1.001  4000
mu.lf[17,5]          0.230   0.563   -0.942   -0.101   0.242   0.565   1.339 1.001  4000
mu.lf[18,5]          0.205   0.568   -0.974   -0.138   0.193   0.557   1.337 1.001  4000
mu.lf[19,5]          2.342   0.565    1.148    2.012   2.362   2.698   3.454 1.001  4000
mu.lf[20,5]          0.047   0.554   -1.048   -0.291   0.039   0.389   1.179 1.001  4000
mu.lf[21,5]          0.614   0.571   -0.534    0.273   0.620   0.944   1.761 1.001  4000
mu.lf[22,5]          1.375   0.570    0.175    1.043   1.387   1.723   2.477 1.001  4000
mu.lf[23,5]          0.033   0.570   -1.116   -0.310   0.030   0.376   1.162 1.001  4000
mu.lf[24,5]          1.391   0.571    0.249    1.055   1.393   1.736   2.512 1.002  2000
mu.lf[25,5]          0.233   0.551   -0.909   -0.101   0.246   0.581   1.321 1.001  4000
mu.lf[26,5]         -0.554   0.576   -1.678   -0.900  -0.565  -0.217   0.634 1.001  3200
mu.ph[1,1]           1.150   0.373    0.420    0.904   1.140   1.389   1.905 1.002  1800
mu.ph[2,1]           0.635   0.393   -0.160    0.385   0.632   0.888   1.419 1.001  3400
mu.ph[3,1]          -0.576   0.313   -1.188   -0.775  -0.572  -0.374   0.028 1.001  4000
mu.ph[4,1]          -1.006   0.315   -1.638   -1.207  -0.999  -0.803  -0.393 1.001  4000
mu.ph[5,1]          -0.371   0.359   -1.057   -0.611  -0.381  -0.144   0.362 1.001  4000
mu.ph[6,1]          -1.133   0.350   -1.836   -1.364  -1.134  -0.913  -0.458 1.001  3800
mu.ph[7,1]           0.797   0.275    0.213    0.624   0.811   0.983   1.303 1.001  4000
mu.ph[8,1]           0.663   0.291    0.047    0.473   0.683   0.861   1.189 1.001  4000
mu.ph[9,1]          -0.194   0.260   -0.706   -0.361  -0.197  -0.031   0.337 1.001  2700
mu.ph[10,1]         -0.247   0.290   -0.798   -0.434  -0.256  -0.069   0.345 1.001  4000
mu.ph[11,1]          1.204   0.381    0.400    0.972   1.206   1.450   1.941 1.001  4000
mu.ph[12,1]          1.593   0.396    0.786    1.337   1.598   1.853   2.350 1.001  4000
mu.ph[13,1]         -1.018   0.369   -1.734   -1.260  -1.031  -0.794  -0.247 1.001  3800
mu.ph[14,1]         -0.855   0.316   -1.429   -1.068  -0.869  -0.663  -0.170 1.001  4000
mu.ph[15,1]          0.178   0.347   -0.481   -0.050   0.165   0.394   0.908 1.001  3900
mu.ph[16,1]          0.323   0.345   -0.334    0.095   0.323   0.543   1.023 1.001  4000
mu.ph[17,1]         -0.624   0.346   -1.276   -0.856  -0.634  -0.412   0.113 1.001  4000
mu.ph[18,1]         -1.128   0.334   -1.787   -1.346  -1.128  -0.911  -0.475 1.001  4000
mu.ph[19,1]          1.045   0.400    0.197    0.798   1.065   1.305   1.802 1.002  1700
mu.ph[20,1]          1.198   0.372    0.435    0.963   1.214   1.442   1.916 1.001  4000
mu.ph[21,1]          0.380   0.335   -0.326    0.162   0.389   0.607   1.021 1.001  4000
mu.ph[22,1]          1.023   0.342    0.311    0.812   1.028   1.243   1.703 1.001  3100
mu.ph[23,1]          0.593   0.349   -0.125    0.369   0.601   0.825   1.272 1.001  4000
mu.ph[24,1]          1.109   0.350    0.383    0.898   1.107   1.340   1.799 1.001  4000
mu.ph[25,1]          0.315   0.326   -0.368    0.114   0.324   0.533   0.946 1.002  1900
mu.ph[26,1]          0.770   0.327    0.097    0.560   0.780   0.975   1.416 1.001  3400
mu.ph[1,2]           1.508   0.532    0.444    1.169   1.503   1.854   2.549 1.004   800
mu.ph[2,2]           0.234   0.578   -0.901   -0.147   0.238   0.609   1.367 1.001  3200
mu.ph[3,2]           0.648   0.467   -0.239    0.335   0.647   0.953   1.580 1.001  3800
mu.ph[4,2]           0.514   0.464   -0.416    0.211   0.519   0.829   1.403 1.001  3800
mu.ph[5,2]          -0.346   0.498   -1.311   -0.669  -0.342  -0.029   0.650 1.001  4000
mu.ph[6,2]          -0.817   0.493   -1.765   -1.144  -0.826  -0.498   0.178 1.001  4000
mu.ph[7,2]           1.354   0.377    0.607    1.108   1.363   1.606   2.072 1.001  3400
mu.ph[8,2]           1.218   0.372    0.497    0.975   1.225   1.474   1.934 1.001  4000
mu.ph[9,2]           0.417   0.363   -0.300    0.184   0.427   0.665   1.095 1.001  3600
mu.ph[10,2]          0.221   0.400   -0.584   -0.040   0.233   0.485   0.973 1.001  4000
mu.ph[11,2]          1.951   0.563    0.812    1.583   1.970   2.330   3.028 1.002  2300
mu.ph[12,2]          1.036   0.575   -0.100    0.658   1.040   1.420   2.136 1.001  4000
mu.ph[13,2]          1.079   0.531    0.058    0.738   1.066   1.418   2.116 1.001  3600
mu.ph[14,2]          0.199   0.424   -0.640   -0.082   0.202   0.474   1.033 1.001  4000
mu.ph[15,2]         -0.468   0.513   -1.408   -0.805  -0.490  -0.137   0.572 1.001  4000
mu.ph[16,2]         -1.173   0.507   -2.143   -1.506  -1.188  -0.855  -0.147 1.001  4000
mu.ph[17,2]         -1.320   0.516   -2.320   -1.658  -1.328  -1.001  -0.263 1.001  4000
mu.ph[18,2]         -1.773   0.512   -2.755   -2.105  -1.788  -1.438  -0.737 1.001  4000
mu.ph[19,2]         -0.369   0.555   -1.474   -0.744  -0.370  -0.014   0.795 1.002  2100
mu.ph[20,2]         -1.312   0.507   -2.326   -1.639  -1.301  -0.991  -0.287 1.001  4000
mu.ph[21,2]          0.432   0.446   -0.489    0.149   0.433   0.727   1.310 1.001  4000
mu.ph[22,2]          1.259   0.487    0.272    0.943   1.269   1.578   2.217 1.001  4000
mu.ph[23,2]         -0.958   0.501   -1.950   -1.282  -0.952  -0.639   0.025 1.001  4000
mu.ph[24,2]         -0.019   0.509   -1.009   -0.340  -0.022   0.307   0.983 1.001  2700
mu.ph[25,2]          0.028   0.455   -0.868   -0.272   0.027   0.325   0.932 1.001  4000
mu.ph[26,2]         -0.471   0.466   -1.369   -0.782  -0.474  -0.174   0.461 1.001  4000
mu.ph[1,3]           0.705   0.363   -0.015    0.466   0.703   0.943   1.406 1.001  3800
mu.ph[2,3]           0.384   0.381   -0.385    0.142   0.391   0.640   1.115 1.001  4000
mu.ph[3,3]           0.487   0.315   -0.138    0.279   0.496   0.698   1.088 1.001  4000
mu.ph[4,3]           0.652   0.304    0.050    0.449   0.659   0.849   1.250 1.002  2500
mu.ph[5,3]          -0.338   0.341   -1.006   -0.565  -0.343  -0.117   0.354 1.001  3800
mu.ph[6,3]          -0.406   0.335   -1.062   -0.620  -0.407  -0.195   0.266 1.001  4000
mu.ph[7,3]          -0.395   0.247   -0.880   -0.555  -0.392  -0.233   0.081 1.001  4000
mu.ph[8,3]          -0.058   0.249   -0.569   -0.214  -0.056   0.106   0.425 1.001  4000
mu.ph[9,3]          -0.298   0.246   -0.786   -0.457  -0.297  -0.137   0.195 1.001  4000
mu.ph[10,3]         -0.724   0.273   -1.271   -0.902  -0.724  -0.549  -0.180 1.001  4000
mu.ph[11,3]         -0.263   0.378   -1.030   -0.503  -0.262  -0.022   0.501 1.002  1900
mu.ph[12,3]         -0.509   0.395   -1.316   -0.755  -0.509  -0.259   0.258 1.001  4000
mu.ph[13,3]          0.790   0.356    0.096    0.553   0.792   1.015   1.500 1.002  2200
mu.ph[14,3]         -0.241   0.290   -0.821   -0.432  -0.236  -0.049   0.314 1.001  3500
mu.ph[15,3]          0.003   0.347   -0.681   -0.228  -0.001   0.228   0.698 1.002  1600
mu.ph[16,3]         -1.027   0.337   -1.664   -1.254  -1.032  -0.804  -0.342 1.001  3800
mu.ph[17,3]         -0.826   0.340   -1.493   -1.047  -0.830  -0.612  -0.129 1.001  4000
mu.ph[18,3]         -0.942   0.338   -1.609   -1.162  -0.944  -0.727  -0.265 1.001  4000
mu.ph[19,3]          0.982   0.373    0.231    0.739   0.982   1.227   1.711 1.001  4000
mu.ph[20,3]         -0.674   0.359   -1.378   -0.912  -0.678  -0.438   0.033 1.000  4000
mu.ph[21,3]          0.257   0.304   -0.357    0.062   0.264   0.454   0.845 1.001  4000
mu.ph[22,3]          0.175   0.326   -0.458   -0.045   0.180   0.390   0.814 1.002  1700
mu.ph[23,3]         -0.479   0.340   -1.153   -0.703  -0.480  -0.262   0.193 1.001  4000
mu.ph[24,3]          0.493   0.342   -0.160    0.268   0.499   0.710   1.186 1.001  4000
mu.ph[25,3]         -0.824   0.332   -1.455   -1.041  -0.832  -0.614  -0.150 1.001  4000
mu.ph[26,3]         -1.529   0.323   -2.155   -1.742  -1.531  -1.323  -0.865 1.001  4000
mu.photo[1]         -0.435   0.232   -0.893   -0.586  -0.438  -0.283   0.025 1.001  4000
mu.photo[2]         -0.906   0.212   -1.308   -1.046  -0.910  -0.769  -0.478 1.001  4000
mu.photo[3]          1.414   0.189    1.030    1.292   1.414   1.541   1.775 1.001  4000
mu.photo[4]          1.716   0.231    1.247    1.567   1.716   1.870   2.154 1.001  4000
mu.photo[5]          0.481   0.215    0.060    0.340   0.479   0.622   0.898 1.001  4000
mu.photo[6]          0.331   0.212   -0.092    0.190   0.331   0.469   0.743 1.001  3100
mu.photo[7]          0.410   0.248   -0.091    0.249   0.419   0.570   0.899 1.001  4000
mu.photo[8]          0.665   0.216    0.236    0.523   0.666   0.808   1.091 1.001  4000
mu.photo[9]          1.168   0.248    0.683    1.006   1.166   1.331   1.661 1.002  2200
mu.photo[10]         0.805   0.288    0.240    0.619   0.802   0.991   1.376 1.002  2000
mu.photo[11]        -0.630   0.289   -1.217   -0.817  -0.628  -0.440  -0.067 1.000  4000
mu.photo[12]        -0.910   0.248   -1.415   -1.072  -0.906  -0.743  -0.428 1.001  4000
mu.photo[13]         1.163   0.213    0.742    1.025   1.162   1.304   1.579 1.001  3300
mu.photo[14]         0.865   0.211    0.455    0.724   0.865   1.005   1.272 1.002  2600
mu.photo[15]        -0.603   0.218   -1.019   -0.744  -0.607  -0.462  -0.171 1.001  4000
mu.photo[16]        -2.222   0.348   -2.899   -2.450  -2.224  -1.992  -1.536 1.001  2800
mu.photo[17]         0.627   0.274    0.085    0.445   0.625   0.808   1.160 1.001  4000
mu.photo[18]         1.421   0.251    0.933    1.261   1.417   1.584   1.923 1.001  4000
mu.photo[19]         0.054   0.323   -0.587   -0.157   0.051   0.264   0.710 1.002  2500
mu.photo[20]        -0.719   0.252   -1.206   -0.888  -0.721  -0.546  -0.244 1.001  3800
mu.photo[21]         0.135   0.137   -0.131    0.041   0.135   0.225   0.408 1.001  3700
mu.photo[22]         0.281   0.144    0.000    0.187   0.282   0.376   0.562 1.001  3300
mu.photo[23]        -0.633   0.263   -1.153   -0.806  -0.632  -0.461  -0.115 1.001  2800
mu.photo[24]        -0.438   0.246   -0.912   -0.605  -0.439  -0.276   0.061 1.002  2600
mu.photo[25]        -0.337   0.171   -0.672   -0.450  -0.339  -0.222   0.004 1.001  4000
mu.photo[26]        -1.395   0.288   -1.957   -1.585  -1.396  -1.204  -0.835 1.001  4000
rho.lf[1,1]          1.000   0.000    1.000    1.000   1.000   1.000   1.000 1.000     1
rho.lf[2,1]         -0.002   0.390   -0.717   -0.306  -0.003   0.296   0.702 1.003  1300
rho.lf[3,1]         -0.019   0.391   -0.723   -0.327  -0.028   0.278   0.714 1.002  2400
rho.lf[4,1]          0.000   0.397   -0.723   -0.306  -0.001   0.306   0.724 1.001  4000
rho.lf[5,1]          0.009   0.396   -0.718   -0.301   0.015   0.309   0.743 1.001  3700
rho.lf[1,2]         -0.002   0.390   -0.717   -0.306  -0.003   0.296   0.702 1.003  1300
rho.lf[2,2]          1.000   0.000    1.000    1.000   1.000   1.000   1.000 1.000     1
rho.lf[3,2]          0.003   0.392   -0.720   -0.293   0.007   0.300   0.712 1.001  4000
rho.lf[4,2]          0.004   0.393   -0.705   -0.306   0.002   0.301   0.723 1.001  2700
rho.lf[5,2]          0.001   0.392   -0.708   -0.306   0.007   0.304   0.718 1.001  2800
rho.lf[1,3]         -0.019   0.391   -0.723   -0.327  -0.028   0.278   0.714 1.002  2400
rho.lf[2,3]          0.003   0.392   -0.720   -0.293   0.007   0.300   0.712 1.001  4000
rho.lf[3,3]          1.000   0.000    1.000    1.000   1.000   1.000   1.000 1.000     1
rho.lf[4,3]          0.008   0.391   -0.714   -0.292   0.000   0.315   0.716 1.001  4000
rho.lf[5,3]         -0.018   0.395   -0.735   -0.316  -0.026   0.289   0.719 1.001  4000
rho.lf[1,4]          0.000   0.397   -0.723   -0.306  -0.001   0.306   0.724 1.001  4000
rho.lf[2,4]          0.004   0.393   -0.705   -0.306   0.002   0.301   0.723 1.001  2700
rho.lf[3,4]          0.008   0.391   -0.714   -0.292   0.000   0.315   0.716 1.001  4000
rho.lf[4,4]          1.000   0.000    1.000    1.000   1.000   1.000   1.000 1.000     1
rho.lf[5,4]          0.019   0.393   -0.722   -0.286   0.038   0.314   0.722 1.001  2900
rho.lf[1,5]          0.009   0.396   -0.718   -0.301   0.015   0.309   0.743 1.001  3700
rho.lf[2,5]          0.001   0.392   -0.708   -0.306   0.007   0.304   0.718 1.001  2800
rho.lf[3,5]         -0.018   0.395   -0.735   -0.316  -0.026   0.289   0.719 1.001  4000
rho.lf[4,5]          0.019   0.393   -0.722   -0.286   0.038   0.314   0.722 1.001  2900
rho.lf[5,5]          1.000   0.000    1.000    1.000   1.000   1.000   1.000 1.000     1
rho.ph[1,1]          1.000   0.000    1.000    1.000   1.000   1.000   1.000 1.000     1
rho.ph[2,1]          0.239   0.243   -0.273    0.075   0.251   0.417   0.664 1.001  4000
rho.ph[3,1]          0.046   0.258   -0.475   -0.131   0.051   0.230   0.527 1.001  4000
rho.ph[1,2]          0.239   0.243   -0.273    0.075   0.251   0.417   0.664 1.001  4000
rho.ph[2,2]          1.000   0.000    1.000    1.000   1.000   1.000   1.000 1.000     1
rho.ph[3,2]          0.360   0.222   -0.136    0.218   0.389   0.521   0.728 1.001  3700
rho.ph[1,3]          0.046   0.258   -0.475   -0.131   0.051   0.230   0.527 1.001  4000
rho.ph[2,3]          0.360   0.222   -0.136    0.218   0.389   0.521   0.728 1.001  3700
rho.ph[3,3]          1.000   0.000    1.000    1.000   1.000   1.000   1.000 1.000     1
sigmasq.fluor        0.878   0.566    0.275    0.515   0.734   1.069   2.342 1.002  2600
sigmasq.lftemp       1.071   0.763    0.295    0.582   0.869   1.309   3.078 1.001  3200
sigmasq.photo        0.256   0.090    0.138    0.197   0.240   0.293   0.470 1.002  2500
sigmasq.trans        0.542   0.315    0.195    0.337   0.465   0.656   1.325 1.002  1500
deviance           -97.571  39.371 -171.328 -124.640 -98.143 -72.315 -19.365 1.001  4000

For each parameter, n.eff is a crude measure of effective sample size,
and Rhat is the potential scale reduction factor (at convergence, Rhat=1).

DIC info (using the rule, pD = var(deviance)/2)
pD = 775.4 and DIC = 677.9
DIC is an estimate of expected predictive error (lower deviance is better).
