Path analysis results at Kleinmond 
 physiology-path-analysis-model-2.txt 

Inference for Bugs model at "physiology-path-analysis-model-2.txt", fit using jags,
 5 chains, each with 25000 iterations (first 5000 discarded), n.thin = 25
 n.sims = 4000 iterations saved
                     mu.vect sd.vect    2.5%     25%     50%     75%   97.5%  Rhat n.eff
beta.cond.lfarea       0.345   0.266  -0.180   0.171   0.347   0.512   0.879 1.002  1600
beta.cond.lftemp      -0.469   0.485  -1.430  -0.789  -0.466  -0.164   0.490 1.001  4000
beta.cond.lwr         -0.136   0.262  -0.651  -0.310  -0.138   0.033   0.397 1.001  3300
beta.cond.sdi          0.142   0.436  -0.715  -0.147   0.143   0.422   1.024 1.001  3000
beta.cond.sla          0.351   0.365  -0.353   0.112   0.350   0.591   1.084 1.001  3900
beta.cond.spi          0.012   0.241  -0.443  -0.146   0.011   0.171   0.490 1.001  4000
beta.cond.trans       -0.660   0.402  -1.464  -0.919  -0.668  -0.394   0.108 1.001  3100
beta.fluor.humid      -0.052   0.420  -0.928  -0.309  -0.048   0.219   0.758 1.001  4000
beta.fluor.lfarea     -0.130   0.215  -0.555  -0.267  -0.129   0.006   0.295 1.001  4000
beta.fluor.lwr         0.071   0.210  -0.340  -0.065   0.068   0.207   0.492 1.002  1900
beta.fluor.sdi         0.393   0.355  -0.298   0.160   0.397   0.618   1.095 1.001  3900
beta.fluor.sla         0.025   0.298  -0.539  -0.175   0.023   0.215   0.631 1.001  4000
beta.fluor.spi         0.159   0.197  -0.233   0.028   0.161   0.290   0.540 1.001  4000
beta.fluor.temp       -0.235   0.352  -0.923  -0.462  -0.232  -0.007   0.448 1.002  1800
beta.lftemp.humid      0.044   0.527  -1.037  -0.286   0.052   0.396   1.034 1.001  4000
beta.lftemp.lfarea    -0.138   0.276  -0.714  -0.311  -0.136   0.042   0.401 1.002  1500
beta.lftemp.lwr       -0.217   0.271  -0.750  -0.394  -0.214  -0.040   0.319 1.002  1500
beta.lftemp.sdi        0.381   0.468  -0.532   0.070   0.380   0.681   1.317 1.000  4000
beta.lftemp.sla       -0.303   0.382  -1.069  -0.552  -0.296  -0.053   0.438 1.002  2600
beta.lftemp.spi       -0.084   0.246  -0.573  -0.244  -0.081   0.078   0.406 1.001  4000
beta.lftemp.temp       0.300   0.502  -0.850   0.016   0.333   0.635   1.182 1.003  1600
beta.photo.cond        0.863   0.235   0.384   0.712   0.867   1.018   1.308 1.002  2400
beta.photo.fluor      -0.221   0.297  -0.800  -0.413  -0.221  -0.026   0.363 1.001  2700
beta.photo.humid      -0.356   0.190  -0.747  -0.476  -0.355  -0.233   0.018 1.001  4000
beta.photo.lftemp     -0.113   0.199  -0.501  -0.242  -0.112   0.012   0.288 1.001  4000
beta.trans.humid      -0.766   0.642  -2.025  -1.182  -0.768  -0.360   0.546 1.003  1100
beta.trans.lfarea      0.332   0.298  -0.267   0.138   0.334   0.519   0.917 1.001  4000
beta.trans.lwr        -0.120   0.302  -0.732  -0.311  -0.115   0.076   0.475 1.002  2200
beta.trans.sdi        -0.223   0.503  -1.235  -0.553  -0.221   0.105   0.762 1.003  1400
beta.trans.sla         0.452   0.419  -0.371   0.179   0.442   0.717   1.296 1.001  3600
beta.trans.spi        -0.046   0.277  -0.607  -0.226  -0.044   0.131   0.494 1.001  3000
beta.trans.temp       -0.492   0.552  -1.624  -0.830  -0.474  -0.135   0.552 1.001  3800
mu.lf[1]              -0.557   0.163  -0.887  -0.665  -0.555  -0.450  -0.239 1.001  4000
mu.lf[2]               0.744   0.200   0.352   0.613   0.746   0.875   1.147 1.001  4000
mu.lf[3]               0.744   0.184   0.381   0.622   0.745   0.866   1.104 1.001  4000
mu.lf[4]               0.400   0.226  -0.047   0.251   0.396   0.544   0.855 1.001  3800
mu.lf[5]              -0.819   0.100  -1.011  -0.885  -0.821  -0.753  -0.628 1.001  4000
mu.ph[1,1]            -0.846   0.544  -1.913  -1.203  -0.852  -0.507   0.266 1.001  4000
mu.ph[2,1]             0.003   0.576  -1.089  -0.367  -0.011   0.356   1.178 1.001  3400
mu.ph[3,1]            -0.220   0.559  -1.332  -0.573  -0.212   0.147   0.863 1.001  3300
mu.ph[4,1]            -0.276   0.558  -1.344  -0.641  -0.285   0.088   0.859 1.002  2100
mu.ph[5,1]             0.445   0.484  -0.527   0.128   0.438   0.756   1.422 1.002  2100
mu.ph[6,1]             0.197   0.490  -0.772  -0.124   0.190   0.516   1.178 1.001  4000
mu.ph[7,1]             0.276   0.617  -0.936  -0.133   0.263   0.680   1.553 1.002  1800
mu.ph[8,1]            -0.095   0.494  -1.141  -0.406  -0.078   0.228   0.847 1.001  4000
mu.ph[9,1]            -0.286   0.453  -1.208  -0.578  -0.279   0.012   0.621 1.001  4000
mu.ph[10,1]            0.415   0.527  -0.605   0.083   0.408   0.744   1.471 1.001  3700
mu.ph[11,1]            0.452   0.446  -0.444   0.167   0.448   0.743   1.346 1.001  4000
mu.ph[12,1]            0.508   0.523  -0.542   0.182   0.512   0.846   1.534 1.001  3400
mu.ph[13,1]            0.926   0.511  -0.112   0.605   0.932   1.264   1.924 1.002  2200
mu.ph[14,1]           -1.042   0.504  -2.072  -1.354  -1.039  -0.723  -0.047 1.001  4000
mu.ph[15,1]           -1.402   0.534  -2.509  -1.729  -1.390  -1.059  -0.365 1.000  4000
mu.ph[16,1]           -1.646   0.503  -2.601  -1.968  -1.651  -1.330  -0.612 1.004   950
mu.ph[17,1]           -2.059   0.542  -3.084  -2.414  -2.068  -1.712  -0.938 1.001  4000
mu.ph[18,1]           -0.060   0.592  -1.277  -0.433  -0.064   0.324   1.125 1.002  2500
mu.ph[19,1]           -0.710   0.555  -1.855  -1.053  -0.709  -0.360   0.362 1.001  2900
mu.ph[20,1]           -0.961   0.474  -1.901  -1.269  -0.951  -0.652  -0.014 1.001  4000
mu.ph[21,1]           -0.812   0.617  -2.038  -1.210  -0.819  -0.428   0.420 1.001  4000
mu.ph[1,2]             0.303   0.429  -0.547   0.025   0.309   0.588   1.129 1.001  4000
mu.ph[2,2]             0.110   0.455  -0.765  -0.177   0.115   0.392   1.004 1.001  3200
mu.ph[3,2]            -0.918   0.436  -1.779  -1.188  -0.919  -0.641  -0.060 1.001  3300
mu.ph[4,2]            -0.758   0.430  -1.573  -1.039  -0.772  -0.486   0.110 1.001  4000
mu.ph[5,2]            -0.882   0.375  -1.616  -1.126  -0.890  -0.639  -0.138 1.001  4000
mu.ph[6,2]            -0.339   0.389  -1.100  -0.596  -0.340  -0.086   0.429 1.001  4000
mu.ph[7,2]            -1.007   0.482  -1.975  -1.309  -1.003  -0.695  -0.069 1.001  4000
mu.ph[8,2]             0.197   0.379  -0.557  -0.040   0.199   0.447   0.926 1.001  4000
mu.ph[9,2]             0.176   0.361  -0.548  -0.056   0.178   0.411   0.878 1.001  3300
mu.ph[10,2]           -0.440   0.397  -1.230  -0.695  -0.438  -0.191   0.335 1.001  4000
mu.ph[11,2]           -0.406   0.353  -1.108  -0.636  -0.401  -0.172   0.277 1.001  4000
mu.ph[12,2]           -0.702   0.407  -1.511  -0.967  -0.712  -0.432   0.119 1.002  2100
mu.ph[13,2]           -0.730   0.401  -1.542  -0.992  -0.731  -0.470   0.050 1.001  4000
mu.ph[14,2]            0.801   0.401  -0.024   0.542   0.808   1.072   1.546 1.001  4000
mu.ph[15,2]            0.741   0.417  -0.103   0.487   0.755   1.010   1.548 1.001  4000
mu.ph[16,2]            0.052   0.399  -0.717  -0.204   0.045   0.306   0.847 1.002  2200
mu.ph[17,2]           -0.187   0.421  -1.003  -0.464  -0.195   0.078   0.631 1.001  4000
mu.ph[18,2]            0.588   0.478  -0.372   0.287   0.585   0.897   1.536 1.002  2400
mu.ph[19,2]            0.058   0.449  -0.817  -0.241   0.062   0.354   0.940 1.002  2600
mu.ph[20,2]           -0.154   0.383  -0.894  -0.407  -0.162   0.092   0.609 1.001  3000
mu.ph[21,2]           -0.634   0.486  -1.558  -0.945  -0.649  -0.329   0.334 1.001  3700
mu.ph[1,3]            -0.472   0.576  -1.553  -0.857  -0.488  -0.110   0.696 1.002  2500
mu.ph[2,3]            -1.205   0.604  -2.356  -1.590  -1.229  -0.844   0.022 1.001  4000
mu.ph[3,3]             0.437   0.629  -0.885   0.045   0.465   0.849   1.581 1.001  3700
mu.ph[4,3]             0.247   0.577  -0.853  -0.123   0.236   0.601   1.424 1.001  4000
mu.ph[5,3]            -0.452   0.524  -1.491  -0.792  -0.467  -0.116   0.578 1.001  4000
mu.ph[6,3]            -0.954   0.541  -2.002  -1.309  -0.951  -0.608   0.163 1.000  4000
mu.ph[7,3]            -0.433   0.670  -1.712  -0.861  -0.459  -0.037   1.019 1.001  3800
mu.ph[8,3]             1.979   0.530   0.844   1.659   2.004   2.326   2.938 1.001  4000
mu.ph[9,3]             1.771   0.537   0.628   1.438   1.791   2.137   2.747 1.002  2200
mu.ph[10,3]            0.464   0.547  -0.631   0.119   0.475   0.830   1.554 1.001  4000
mu.ph[11,3]            0.529   0.490  -0.441   0.211   0.536   0.851   1.521 1.000  4000
mu.ph[12,3]            1.085   0.560  -0.085   0.736   1.103   1.442   2.199 1.002  2500
mu.ph[13,3]            0.313   0.553  -0.849  -0.037   0.325   0.672   1.398 1.003  1100
mu.ph[14,3]           -0.723   0.552  -1.863  -1.061  -0.714  -0.358   0.329 1.002  1600
mu.ph[15,3]           -0.553   0.570  -1.682  -0.913  -0.551  -0.188   0.587 1.001  3200
mu.ph[16,3]           -0.861   0.602  -1.967  -1.270  -0.893  -0.487   0.438 1.001  4000
mu.ph[17,3]           -0.978   0.558  -2.055  -1.341  -1.000  -0.629   0.182 1.001  3700
mu.ph[18,3]            1.042   0.635  -0.267   0.647   1.054   1.453   2.282 1.001  4000
mu.ph[19,3]            1.439   0.615   0.212   1.040   1.442   1.835   2.667 1.001  4000
mu.ph[20,3]            1.270   0.539   0.169   0.924   1.280   1.618   2.318 1.001  2700
mu.ph[21,3]            1.077   0.655  -0.212   0.662   1.056   1.468   2.434 1.001  4000
mu.photo[1]            0.092   0.415  -0.733  -0.174   0.090   0.367   0.928 1.001  4000
mu.photo[2]           -1.364   0.525  -2.365  -1.706  -1.367  -1.038  -0.308 1.002  2300
mu.photo[3]            0.782   0.528  -0.273   0.443   0.787   1.135   1.821 1.002  2300
mu.photo[4]           -0.213   0.314  -0.817  -0.415  -0.212  -0.012   0.413 1.001  4000
mu.photo[5]           -0.614   0.246  -1.088  -0.780  -0.619  -0.452  -0.117 1.001  4000
mu.photo[6]           -1.093   0.361  -1.800  -1.324  -1.102  -0.865  -0.351 1.001  4000
mu.photo[7]           -0.991   0.354  -1.660  -1.220  -0.998  -0.772  -0.268 1.001  3400
mu.photo[8]            0.925   0.360   0.197   0.695   0.927   1.157   1.614 1.001  4000
mu.photo[9]            0.862   0.401   0.042   0.606   0.856   1.123   1.635 1.001  4000
mu.photo[10]          -0.467   0.238  -0.933  -0.622  -0.470  -0.312   0.009 1.001  4000
mu.photo[11]          -0.325   0.288  -0.887  -0.507  -0.330  -0.143   0.259 1.001  4000
mu.photo[12]          -0.269   0.284  -0.828  -0.456  -0.265  -0.089   0.306 1.001  4000
mu.photo[13]          -0.458   0.441  -1.330  -0.751  -0.455  -0.176   0.430 1.001  4000
mu.photo[14]          -0.055   0.567  -1.172  -0.411  -0.061   0.313   1.075 1.002  2200
mu.photo[15]          -1.180   0.522  -2.222  -1.507  -1.177  -0.846  -0.143 1.001  2700
mu.photo[16]           0.070   0.330  -0.575  -0.143   0.069   0.290   0.707 1.001  3000
mu.photo[17]          -0.148   0.624  -1.385  -0.558  -0.137   0.264   1.072 1.000  4000
mu.photo[18]           0.555   0.324  -0.115   0.349   0.556   0.764   1.185 1.000  4000
mu.photo[19]           1.071   0.374   0.299   0.832   1.073   1.317   1.811 1.001  4000
mu.photo[20]           0.221   0.235  -0.238   0.066   0.222   0.371   0.683 1.001  4000
mu.photo[21]           0.398   0.341  -0.265   0.172   0.392   0.619   1.080 1.001  4000
phx.lf[1,1]            0.568   0.185   0.312   0.441   0.533   0.659   1.013 1.001  4000
phx.lf[2,1]           -0.092   0.163  -0.433  -0.186  -0.085   0.009   0.207 1.001  4000
phx.lf[3,1]            0.096   0.141  -0.155   0.006   0.085   0.175   0.399 1.001  4000
phx.lf[4,1]            0.197   0.184  -0.128   0.080   0.180   0.296   0.609 1.001  4000
phx.lf[5,1]            0.161   0.089   0.025   0.101   0.148   0.205   0.369 1.001  3100
phx.lf[1,2]           -0.092   0.163  -0.433  -0.186  -0.085   0.009   0.207 1.001  4000
phx.lf[2,2]            0.884   0.283   0.490   0.685   0.828   1.027   1.595 1.001  4000
phx.lf[3,2]            0.009   0.178  -0.337  -0.091   0.012   0.110   0.364 1.002  1900
phx.lf[4,2]            0.132   0.220  -0.292  -0.002   0.124   0.252   0.612 1.001  3100
phx.lf[5,2]            0.070   0.103  -0.115   0.009   0.065   0.124   0.292 1.002  2400
phx.lf[1,3]            0.096   0.141  -0.155   0.006   0.085   0.175   0.399 1.001  4000
phx.lf[2,3]            0.009   0.178  -0.337  -0.091   0.012   0.110   0.364 1.002  1900
phx.lf[3,3]            0.708   0.231   0.390   0.543   0.669   0.816   1.272 1.002  2400
phx.lf[4,3]           -0.113   0.201  -0.536  -0.226  -0.103   0.009   0.267 1.001  4000
phx.lf[5,3]            0.037   0.091  -0.125  -0.017   0.033   0.088   0.225 1.002  4000
phx.lf[1,4]            0.197   0.184  -0.128   0.080   0.180   0.296   0.609 1.001  4000
phx.lf[2,4]            0.132   0.220  -0.292  -0.002   0.124   0.252   0.612 1.001  3100
phx.lf[3,4]           -0.113   0.201  -0.536  -0.226  -0.103   0.009   0.267 1.001  4000
phx.lf[4,4]            1.104   0.349   0.607   0.862   1.037   1.275   1.982 1.001  3200
phx.lf[5,4]            0.171   0.115  -0.017   0.094   0.159   0.232   0.440 1.001  3600
phx.lf[1,5]            0.161   0.089   0.025   0.101   0.148   0.205   0.369 1.001  3100
phx.lf[2,5]            0.070   0.103  -0.115   0.009   0.065   0.124   0.292 1.002  2400
phx.lf[3,5]            0.037   0.091  -0.125  -0.017   0.033   0.088   0.225 1.002  4000
phx.lf[4,5]            0.171   0.115  -0.017   0.094   0.159   0.232   0.440 1.001  3600
phx.lf[5,5]            0.213   0.073   0.116   0.164   0.199   0.246   0.391 1.001  4000
phx.ph[1,1]            0.514   0.251   0.201   0.348   0.455   0.613   1.156 1.000  4000
phx.ph[2,1]           -0.032   0.130  -0.307  -0.099  -0.028   0.041   0.214 1.001  4000
phx.ph[3,1]            0.072   0.190  -0.270  -0.037   0.057   0.165   0.496 1.002  2400
phx.ph[1,2]           -0.032   0.130  -0.307  -0.099  -0.028   0.041   0.214 1.001  4000
phx.ph[2,2]            0.313   0.154   0.139   0.214   0.279   0.369   0.686 1.001  4000
phx.ph[3,2]            0.107   0.148  -0.153   0.023   0.094   0.176   0.432 1.001  4000
phx.ph[1,3]            0.072   0.190  -0.270  -0.037   0.057   0.165   0.496 1.002  2400
phx.ph[2,3]            0.107   0.148  -0.153   0.023   0.094   0.176   0.432 1.001  4000
phx.ph[3,3]            0.565   0.306   0.220   0.356   0.485   0.683   1.391 1.002  2600
rho.lf[1,1]            1.000   0.000   1.000   1.000   1.000   1.000   1.000 1.000     1
rho.lf[2,1]           -0.128   0.206  -0.506  -0.277  -0.136   0.015   0.286 1.001  4000
rho.lf[3,1]            0.148   0.197  -0.237   0.011   0.150   0.290   0.522 1.001  4000
rho.lf[4,1]            0.243   0.194  -0.170   0.115   0.253   0.379   0.592 1.001  2700
rho.lf[5,1]            0.455   0.164   0.086   0.354   0.470   0.572   0.734 1.001  4000
rho.lf[1,2]           -0.128   0.206  -0.506  -0.277  -0.136   0.015   0.286 1.001  4000
rho.lf[2,2]            1.000   0.000   1.000   1.000   1.000   1.000   1.000 1.000     1
rho.lf[3,2]            0.011   0.203  -0.384  -0.128   0.016   0.149   0.406 1.002  2000
rho.lf[4,2]            0.131   0.198  -0.276  -0.002   0.139   0.266   0.502 1.001  4000
rho.lf[5,2]            0.161   0.204  -0.258   0.024   0.167   0.304   0.536 1.002  2300
rho.lf[1,3]            0.148   0.197  -0.237   0.011   0.150   0.290   0.522 1.001  4000
rho.lf[2,3]            0.011   0.203  -0.384  -0.128   0.016   0.149   0.406 1.002  2000
rho.lf[3,3]            1.000   0.000   1.000   1.000   1.000   1.000   1.000 1.000     1
rho.lf[4,3]           -0.126   0.202  -0.498  -0.267  -0.130   0.012   0.289 1.001  4000
rho.lf[5,3]            0.093   0.205  -0.310  -0.046   0.098   0.236   0.477 1.001  4000
rho.lf[1,4]            0.243   0.194  -0.170   0.115   0.253   0.379   0.592 1.001  2700
rho.lf[2,4]            0.131   0.198  -0.276  -0.002   0.139   0.266   0.502 1.001  4000
rho.lf[3,4]           -0.126   0.202  -0.498  -0.267  -0.130   0.012   0.289 1.001  4000
rho.lf[4,4]            1.000   0.000   1.000   1.000   1.000   1.000   1.000 1.000     1
rho.lf[5,4]            0.348   0.183  -0.041   0.227   0.361   0.482   0.658 1.001  2900
rho.lf[1,5]            0.455   0.164   0.086   0.354   0.470   0.572   0.734 1.001  4000
rho.lf[2,5]            0.161   0.204  -0.258   0.024   0.167   0.304   0.536 1.002  2300
rho.lf[3,5]            0.093   0.205  -0.310  -0.046   0.098   0.236   0.477 1.001  4000
rho.lf[4,5]            0.348   0.183  -0.041   0.227   0.361   0.482   0.658 1.001  2900
rho.lf[5,5]            1.000   0.000   1.000   1.000   1.000   1.000   1.000 1.000     1
rho.ph[1,1]            1.000   0.000   1.000   1.000   1.000   1.000   1.000 1.000     1
rho.ph[2,1]           -0.080   0.278  -0.581  -0.280  -0.089   0.119   0.457 1.001  4000
rho.ph[3,1]            0.121   0.293  -0.480  -0.085   0.134   0.339   0.642 1.002  2400
rho.ph[1,2]           -0.080   0.278  -0.581  -0.280  -0.089   0.119   0.457 1.001  4000
rho.ph[2,2]            1.000   0.000   1.000   1.000   1.000   1.000   1.000 1.000     1
rho.ph[3,2]            0.256   0.276  -0.341   0.066   0.287   0.464   0.717 1.001  4000
rho.ph[1,3]            0.121   0.293  -0.480  -0.085   0.134   0.339   0.642 1.002  2400
rho.ph[2,3]            0.256   0.276  -0.341   0.066   0.287   0.464   0.717 1.001  4000
rho.ph[3,3]            1.000   0.000   1.000   1.000   1.000   1.000   1.000 1.000     1
sigmasq.cond           0.513   0.247   0.221   0.348   0.455   0.615   1.168 1.001  2800
sigmasq.indiv.cond     0.676   0.453   0.194   0.389   0.559   0.829   1.873 1.001  4000
sigmasq.indiv.fluor    0.577   0.393   0.180   0.335   0.478   0.700   1.599 1.000  4000
sigmasq.indiv.lftemp   0.896   0.889   0.218   0.429   0.652   1.026   3.166 1.001  4000
sigmasq.indiv.trans    1.595   1.211   0.381   0.843   1.279   1.953   4.659 1.001  4000
sigmasq.photo          0.677   0.246   0.343   0.509   0.630   0.789   1.282 1.000  4000
deviance             137.699  17.687 104.784 125.790 136.856 149.171 174.998 1.001  4000

For each parameter, n.eff is a crude measure of effective sample size,
and Rhat is the potential scale reduction factor (at convergence, Rhat=1).

DIC info (using the rule, pD = var(deviance)/2)
pD = 156.5 and DIC = 294.2
DIC is an estimate of expected predictive error (lower deviance is better).
