Path analysis results at De Hoop 

Inference for Bugs model at "physiology-path-analysis-with-wue.txt", fit using jags,
 5 chains, each with 25000 iterations (first 5000 discarded), n.thin = 25
 n.sims = 4000 iterations saved
                   mu.vect sd.vect   2.5%    25%    50%    75%   97.5%  Rhat n.eff
beta.cond.temp      -0.825   0.157 -1.145 -0.925 -0.823 -0.721  -0.527 1.002  1700
beta.cond.trans      0.715   0.204  0.315  0.583  0.718  0.846   1.113 1.001  4000
beta.fluor.humid    -0.978   0.396 -1.758 -1.240 -0.982 -0.718  -0.173 1.002  1500
beta.fluor.lfarea   -0.222   0.345 -0.875 -0.455 -0.225  0.003   0.477 1.002  2000
beta.fluor.lwr       0.531   0.369 -0.207  0.289  0.531  0.780   1.241 1.001  4000
beta.fluor.sdi       0.523   0.231  0.087  0.371  0.518  0.668   1.019 1.001  4000
beta.fluor.sla      -0.143   0.257 -0.655 -0.309 -0.138  0.023   0.359 1.002  1500
beta.fluor.spi      -0.220   0.266 -0.741 -0.394 -0.217 -0.050   0.306 1.001  4000
beta.fluor.temp     -0.354   0.296 -0.949 -0.545 -0.348 -0.162   0.232 1.002  1500
beta.lftemp.humid   -0.885   0.371 -1.659 -1.122 -0.872 -0.646  -0.185 1.003  1200
beta.lftemp.lfarea  -0.045   0.239 -0.535 -0.197 -0.041  0.110   0.422 1.001  4000
beta.lftemp.lwr      0.376   0.289 -0.186  0.188  0.375  0.561   0.954 1.001  2800
beta.lftemp.sdi      0.128   0.159 -0.180  0.025  0.127  0.230   0.441 1.001  3800
beta.lftemp.sla      0.450   0.196  0.050  0.325  0.450  0.577   0.833 1.002  1800
beta.lftemp.spi     -0.584   0.197 -0.979 -0.712 -0.587 -0.457  -0.207 1.001  3500
beta.lftemp.temp     0.196   0.282 -0.397  0.021  0.210  0.387   0.718 1.002  1700
beta.photo.cond      0.579   0.188  0.217  0.456  0.579  0.702   0.955 1.001  4000
beta.photo.fluor     0.310   0.115  0.081  0.236  0.310  0.384   0.538 1.000  4000
beta.photo.humid     0.217   0.155 -0.088  0.113  0.218  0.319   0.529 1.001  4000
beta.photo.lftemp   -0.049   0.206 -0.453 -0.182 -0.046  0.087   0.356 1.001  4000
beta.photo.temp     -0.260   0.166 -0.594 -0.366 -0.261 -0.153   0.067 1.001  4000
beta.trans.humid     0.083   0.277 -0.459 -0.093  0.085  0.263   0.618 1.001  2800
beta.trans.lfarea    0.240   0.235 -0.227  0.088  0.242  0.391   0.712 1.002  1600
beta.trans.lwr       0.018   0.263 -0.497 -0.154  0.013  0.192   0.545 1.001  4000
beta.trans.sdi       0.400   0.154  0.109  0.298  0.397  0.501   0.707 1.001  4000
beta.trans.sla       0.039   0.183 -0.326 -0.080  0.038  0.158   0.405 1.002  1800
beta.trans.spi       0.346   0.184 -0.021  0.229  0.347  0.467   0.694 1.002  1600
beta.trans.temp     -0.097   0.208 -0.502 -0.235 -0.096  0.037   0.318 1.001  4000
beta.wue.cond       -1.539   0.117 -1.773 -1.614 -1.540 -1.466  -1.310 1.001  4000
beta.wue.photo       0.951   0.130  0.693  0.867  0.952  1.033   1.209 1.001  4000
mu.lf[1]             0.449   0.195  0.060  0.323  0.448  0.578   0.835 1.001  4000
mu.lf[2]            -0.610   0.106 -0.821 -0.679 -0.610 -0.540  -0.399 1.001  2900
mu.lf[3]            -0.598   0.134 -0.858 -0.687 -0.600 -0.509  -0.335 1.001  4000
mu.lf[4]            -0.323   0.168 -0.649 -0.435 -0.320 -0.213   0.012 1.002  2200
mu.lf[5]             0.658   0.165  0.340  0.548  0.657  0.768   0.984 1.001  3200
mu.ph[1,1]           1.140   0.371  0.434  0.896  1.132  1.372   1.899 1.001  4000
mu.ph[2,1]           0.614   0.390 -0.153  0.363  0.615  0.869   1.382 1.001  4000
mu.ph[3,1]          -0.585   0.320 -1.225 -0.793 -0.583 -0.370   0.053 1.001  4000
mu.ph[4,1]          -1.009   0.320 -1.678 -1.203 -1.000 -0.792  -0.403 1.001  4000
mu.ph[5,1]          -0.380   0.355 -1.048 -0.622 -0.392 -0.155   0.334 1.002  1900
mu.ph[6,1]          -1.139   0.347 -1.847 -1.359 -1.137 -0.912  -0.428 1.001  4000
mu.ph[7,1]           0.799   0.266  0.257  0.625  0.807  0.973   1.317 1.001  4000
mu.ph[8,1]           0.659   0.287  0.072  0.476  0.671  0.848   1.209 1.001  4000
mu.ph[9,1]          -0.198   0.255 -0.680 -0.368 -0.201 -0.035   0.318 1.001  2700
mu.ph[10,1]         -0.244   0.282 -0.780 -0.431 -0.248 -0.063   0.331 1.002  1800
mu.ph[11,1]          1.209   0.373  0.446  0.976  1.209  1.447   1.943 1.001  3800
mu.ph[12,1]          1.593   0.396  0.763  1.344  1.605  1.856   2.333 1.002  2100
mu.ph[13,1]         -1.011   0.376 -1.713 -1.246 -1.026 -0.778  -0.218 1.001  4000
mu.ph[14,1]         -0.856   0.321 -1.470 -1.072 -0.869 -0.653  -0.179 1.001  4000
mu.ph[15,1]          0.181   0.351 -0.489 -0.045  0.169  0.389   0.908 1.001  4000
mu.ph[16,1]          0.320   0.345 -0.340  0.090  0.309  0.542   1.009 1.001  4000
mu.ph[17,1]         -0.621   0.346 -1.284 -0.849 -0.625 -0.401   0.096 1.001  3000
mu.ph[18,1]         -1.134   0.342 -1.809 -1.357 -1.129 -0.913  -0.479 1.001  4000
mu.ph[19,1]          1.035   0.391  0.216  0.795  1.046  1.299   1.787 1.001  4000
mu.ph[20,1]          1.203   0.373  0.448  0.968  1.207  1.447   1.922 1.001  4000
mu.ph[21,1]          0.375   0.331 -0.294  0.164  0.390  0.592   0.998 1.001  4000
mu.ph[22,1]          1.027   0.338  0.356  0.814  1.035  1.247   1.672 1.000  4000
mu.ph[23,1]          0.593   0.349 -0.118  0.368  0.594  0.825   1.257 1.001  3400
mu.ph[24,1]          1.111   0.341  0.427  0.897  1.115  1.330   1.773 1.001  4000
mu.ph[25,1]          0.317   0.322 -0.327  0.110  0.327  0.531   0.937 1.003  1300
mu.ph[26,1]          0.771   0.333  0.082  0.569  0.775  0.988   1.392 1.001  3000
mu.ph[1,2]           1.496   0.541  0.442  1.115  1.496  1.856   2.576 1.002  2200
mu.ph[2,2]           0.232   0.595 -1.012 -0.134  0.251  0.619   1.386 1.002  2100
mu.ph[3,2]           0.636   0.461 -0.307  0.340  0.650  0.934   1.519 1.001  4000
mu.ph[4,2]           0.509   0.459 -0.403  0.211  0.517  0.811   1.409 1.001  3900
mu.ph[5,2]          -0.350   0.500 -1.327 -0.678 -0.359 -0.017   0.643 1.001  4000
mu.ph[6,2]          -0.807   0.501 -1.762 -1.136 -0.820 -0.477   0.213 1.001  4000
mu.ph[7,2]           1.348   0.386  0.575  1.104  1.350  1.601   2.087 1.002  2500
mu.ph[8,2]           1.214   0.385  0.453  0.966  1.220  1.460   1.949 1.002  1600
mu.ph[9,2]           0.425   0.369 -0.318  0.193  0.430  0.670   1.173 1.001  2900
mu.ph[10,2]          0.234   0.408 -0.589 -0.029  0.240  0.499   1.030 1.001  4000
mu.ph[11,2]          1.929   0.556  0.775  1.559  1.936  2.288   3.001 1.001  4000
mu.ph[12,2]          1.031   0.572 -0.096  0.660  1.036  1.406   2.149 1.002  1500
mu.ph[13,2]          1.083   0.536  0.058  0.734  1.065  1.421   2.173 1.001  4000
mu.ph[14,2]          0.202   0.431 -0.659 -0.083  0.202  0.484   1.075 1.001  4000
mu.ph[15,2]         -0.447   0.505 -1.417 -0.783 -0.462 -0.131   0.621 1.002  2300
mu.ph[16,2]         -1.152   0.503 -2.126 -1.478 -1.166 -0.834  -0.136 1.002  2600
mu.ph[17,2]         -1.317   0.512 -2.255 -1.652 -1.338 -0.995  -0.241 1.001  4000
mu.ph[18,2]         -1.769   0.512 -2.761 -2.111 -1.787 -1.443  -0.716 1.001  4000
mu.ph[19,2]         -0.373   0.560 -1.496 -0.741 -0.378 -0.008   0.734 1.001  4000
mu.ph[20,2]         -1.300   0.524 -2.356 -1.632 -1.302 -0.963  -0.257 1.001  4000
mu.ph[21,2]          0.440   0.452 -0.480  0.145  0.438  0.744   1.315 1.001  4000
mu.ph[22,2]          1.257   0.483  0.284  0.943  1.261  1.569   2.220 1.001  4000
mu.ph[23,2]         -0.947   0.508 -1.978 -1.272 -0.946 -0.617   0.022 1.001  4000
mu.ph[24,2]         -0.015   0.497 -0.985 -0.341 -0.010  0.312   0.956 1.001  4000
mu.ph[25,2]          0.035   0.463 -0.868 -0.272  0.032  0.340   0.964 1.002  2400
mu.ph[26,2]         -0.459   0.466 -1.349 -0.776 -0.458 -0.155   0.459 1.002  2300
mu.ph[1,3]           0.698   0.365 -0.033  0.464  0.697  0.938   1.423 1.001  3800
mu.ph[2,3]           0.386   0.392 -0.443  0.141  0.392  0.632   1.150 1.001  3400
mu.ph[3,3]           0.479   0.316 -0.140  0.266  0.480  0.688   1.098 1.002  2000
mu.ph[4,3]           0.645   0.301  0.039  0.449  0.645  0.842   1.226 1.002  2100
mu.ph[5,3]          -0.324   0.335 -0.965 -0.547 -0.330 -0.110   0.351 1.001  4000
mu.ph[6,3]          -0.395   0.337 -1.084 -0.613 -0.390 -0.171   0.259 1.001  4000
mu.ph[7,3]          -0.408   0.251 -0.913 -0.568 -0.406 -0.238   0.071 1.001  2700
mu.ph[8,3]          -0.070   0.255 -0.590 -0.238 -0.062  0.099   0.416 1.002  2700
mu.ph[9,3]          -0.297   0.244 -0.786 -0.456 -0.289 -0.138   0.174 1.001  4000
mu.ph[10,3]         -0.722   0.264 -1.235 -0.892 -0.726 -0.551  -0.195 1.001  4000
mu.ph[11,3]         -0.272   0.369 -0.991 -0.515 -0.274 -0.040   0.464 1.003  1100
mu.ph[12,3]         -0.510   0.387 -1.295 -0.765 -0.509 -0.253   0.263 1.002  1900
mu.ph[13,3]          0.790   0.362  0.096  0.548  0.789  1.019   1.516 1.001  3000
mu.ph[14,3]         -0.235   0.287 -0.803 -0.425 -0.237 -0.043   0.315 1.001  4000
mu.ph[15,3]          0.008   0.346 -0.657 -0.219 -0.006  0.230   0.708 1.001  4000
mu.ph[16,3]         -1.018   0.325 -1.652 -1.228 -1.026 -0.807  -0.354 1.001  4000
mu.ph[17,3]         -0.834   0.350 -1.498 -1.067 -0.847 -0.606  -0.109 1.001  2800
mu.ph[18,3]         -0.951   0.336 -1.603 -1.178 -0.955 -0.738  -0.282 1.001  3500
mu.ph[19,3]          0.987   0.370  0.259  0.745  0.987  1.229   1.724 1.001  4000
mu.ph[20,3]         -0.664   0.345 -1.325 -0.888 -0.668 -0.442   0.042 1.001  4000
mu.ph[21,3]          0.256   0.305 -0.338  0.057  0.252  0.453   0.859 1.002  1700
mu.ph[22,3]          0.170   0.327 -0.493 -0.040  0.175  0.381   0.820 1.003  1300
mu.ph[23,3]         -0.475   0.340 -1.157 -0.700 -0.472 -0.248   0.184 1.001  4000
mu.ph[24,3]          0.494   0.341 -0.175  0.267  0.492  0.712   1.192 1.001  4000
mu.ph[25,3]         -0.842   0.334 -1.483 -1.064 -0.852 -0.628  -0.150 1.001  3300
mu.ph[26,3]         -1.542   0.321 -2.159 -1.752 -1.554 -1.338  -0.874 1.001  4000
mu.photo[1]         -0.128   0.260 -0.658 -0.300 -0.128  0.040   0.375 1.001  4000
mu.photo[2]         -0.802   0.205 -1.201 -0.934 -0.804 -0.667  -0.389 1.001  4000
mu.photo[3]          1.181   0.160  0.866  1.077  1.181  1.288   1.501 1.001  4000
mu.photo[4]          1.717   0.208  1.304  1.580  1.716  1.855   2.119 1.001  4000
mu.photo[5]          0.673   0.226  0.218  0.527  0.678  0.820   1.106 1.000  4000
mu.photo[6]          0.371   0.204 -0.035  0.241  0.369  0.505   0.762 1.001  4000
mu.photo[7]          0.609   0.231  0.141  0.459  0.611  0.760   1.064 1.001  4000
mu.photo[8]          0.526   0.182  0.162  0.407  0.527  0.645   0.877 1.001  4000
mu.photo[9]          1.234   0.206  0.830  1.101  1.233  1.367   1.638 1.014  4000
mu.photo[10]         0.866   0.225  0.421  0.719  0.865  1.013   1.307 1.000  4000
mu.photo[11]        -0.680   0.267 -1.199 -0.853 -0.681 -0.501  -0.157 1.000  4000
mu.photo[12]        -0.882   0.228 -1.326 -1.032 -0.881 -0.735  -0.428 1.001  4000
mu.photo[13]         1.508   0.239  1.025  1.353  1.512  1.667   1.968 1.001  4000
mu.photo[14]         0.908   0.200  0.501  0.779  0.909  1.041   1.295 1.001  4000
mu.photo[15]        -0.932   0.240 -1.420 -1.087 -0.934 -0.775  -0.463 1.000  4000
mu.photo[16]        -2.318   0.334 -2.966 -2.536 -2.315 -2.099  -1.642 1.000  4000
mu.photo[17]         0.599   0.255  0.103  0.431  0.600  0.760   1.111 1.000  4000
mu.photo[18]         1.304   0.226  0.853  1.161  1.306  1.451   1.743 1.000  4000
mu.photo[19]         0.091   0.291 -0.491 -0.092  0.090  0.281   0.669 1.001  2900
mu.photo[20]        -0.503   0.237 -0.981 -0.653 -0.505 -0.346  -0.027 1.002  2500
mu.photo[21]        -0.157   0.127 -0.397 -0.242 -0.155 -0.072   0.091 1.001  4000
mu.photo[22]        -0.109   0.170 -0.443 -0.221 -0.108  0.005   0.218 1.001  4000
mu.photo[23]        -0.598   0.234 -1.050 -0.751 -0.601 -0.448  -0.137 1.001  4000
mu.photo[24]        -0.533   0.226 -0.978 -0.684 -0.533 -0.388  -0.084 1.001  3700
mu.photo[25]        -0.451   0.175 -0.795 -0.569 -0.451 -0.341  -0.112 1.000  4000
mu.photo[26]        -1.203   0.249 -1.694 -1.361 -1.207 -1.039  -0.707 1.001  4000
rho.lf[1,1]          1.000   0.000  1.000  1.000  1.000  1.000   1.000 1.000     1
rho.lf[2,1]         -0.094   0.182 -0.438 -0.223 -0.100  0.028   0.263 1.002  2000
rho.lf[3,1]         -0.417   0.156 -0.686 -0.529 -0.429 -0.319  -0.073 1.001  4000
rho.lf[4,1]          0.237   0.175 -0.129  0.122  0.245  0.361   0.553 1.001  4000
rho.lf[5,1]          0.246   0.177 -0.120  0.127  0.257  0.370   0.574 1.002  2500
rho.lf[1,2]         -0.094   0.182 -0.438 -0.223 -0.100  0.028   0.263 1.002  2000
rho.lf[2,2]          1.000   0.000  1.000  1.000  1.000  1.000   1.000 1.000     1
rho.lf[3,2]          0.048   0.185 -0.320 -0.078  0.048  0.175   0.400 1.002  1400
rho.lf[4,2]         -0.058   0.184 -0.413 -0.187 -0.061  0.069   0.302 1.001  4000
rho.lf[5,2]          0.208   0.179 -0.162  0.090  0.218  0.332   0.527 1.001  4000
rho.lf[1,3]         -0.417   0.156 -0.686 -0.529 -0.429 -0.319  -0.073 1.001  4000
rho.lf[2,3]          0.048   0.185 -0.320 -0.078  0.048  0.175   0.400 1.002  1400
rho.lf[3,3]          1.000   0.000  1.000  1.000  1.000  1.000   1.000 1.000     1
rho.lf[4,3]         -0.116   0.183 -0.466 -0.243 -0.117  0.008   0.248 1.001  4000
rho.lf[5,3]         -0.170   0.181 -0.505 -0.298 -0.176 -0.047   0.195 1.003  1100
rho.lf[1,4]          0.237   0.175 -0.129  0.122  0.245  0.361   0.553 1.001  4000
rho.lf[2,4]         -0.058   0.184 -0.413 -0.187 -0.061  0.069   0.302 1.001  4000
rho.lf[3,4]         -0.116   0.183 -0.466 -0.243 -0.117  0.008   0.248 1.001  4000
rho.lf[4,4]          1.000   0.000  1.000  1.000  1.000  1.000   1.000 1.000     1
rho.lf[5,4]          0.404   0.155  0.078  0.307  0.415  0.513   0.681 1.001  4000
rho.lf[1,5]          0.246   0.177 -0.120  0.127  0.257  0.370   0.574 1.002  2500
rho.lf[2,5]          0.208   0.179 -0.162  0.090  0.218  0.332   0.527 1.001  4000
rho.lf[3,5]         -0.170   0.181 -0.505 -0.298 -0.176 -0.047   0.195 1.003  1100
rho.lf[4,5]          0.404   0.155  0.078  0.307  0.415  0.513   0.681 1.001  4000
rho.lf[5,5]          1.000   0.000  1.000  1.000  1.000  1.000   1.000 1.000     1
rho.ph[1,1]          1.000   0.000  1.000  1.000  1.000  1.000   1.000 1.000     1
rho.ph[2,1]          0.239   0.252 -0.311  0.079  0.256  0.421   0.674 1.002  2200
rho.ph[3,1]          0.054   0.261 -0.451 -0.125  0.054  0.244   0.544 1.001  4000
rho.ph[1,2]          0.239   0.252 -0.311  0.079  0.256  0.421   0.674 1.002  2200
rho.ph[2,2]          1.000   0.000  1.000  1.000  1.000  1.000   1.000 1.000     1
rho.ph[3,2]          0.369   0.222 -0.113  0.230  0.390  0.532   0.735 1.001  4000
rho.ph[1,3]          0.054   0.261 -0.451 -0.125  0.054  0.244   0.544 1.001  4000
rho.ph[2,3]          0.369   0.222 -0.113  0.230  0.390  0.532   0.735 1.001  4000
rho.ph[3,3]          1.000   0.000  1.000  1.000  1.000  1.000   1.000 1.000     1
sigmasq.cond         0.540   0.168  0.304  0.424  0.512  0.621   0.936 1.002  1500
sigmasq.fluor        0.868   0.560  0.277  0.517  0.729  1.049   2.297 1.002  1400
sigmasq.lftemp       1.070   0.769  0.286  0.580  0.857  1.309   3.208 1.003  1000
sigmasq.photo        0.226   0.083  0.120  0.172  0.211  0.261   0.409 1.001  4000
sigmasq.trans        0.551   0.338  0.192  0.335  0.468  0.664   1.440 1.000  4000
sigmasq.wue          0.088   0.050  0.048  0.068  0.083  0.100   0.150 1.001  4000
deviance            74.558  21.212 35.928 60.698 73.825 87.923 115.080 1.002  2300

For each parameter, n.eff is a crude measure of effective sample size,
and Rhat is the potential scale reduction factor (at convergence, Rhat=1).

DIC info (using the rule, pD = var(deviance)/2)
pD = 224.9 and DIC = 299.4
DIC is an estimate of expected predictive error (lower deviance is better).
