beta.par:             10 
max.r:                0.6 

Inference for Bugs model at "traits-environment-pca.txt", fit using jags,
 5 chains, each with 25000 iterations (first 5000 discarded), n.thin = 25
 n.sims = 4000 iterations saved
                    mu.vect sd.vect     2.5%      25%      50%      75%    97.5%  Rhat n.eff
Sigma.resid[1,1]      0.901   0.039    0.830    0.874    0.899    0.926    0.983 1.001  4000
Sigma.resid[2,1]     -0.274   0.025   -0.324   -0.291   -0.274   -0.257   -0.225 1.001  2700
Sigma.resid[3,1]     -0.003   0.019   -0.039   -0.016   -0.003    0.010    0.034 1.001  4000
Sigma.resid[4,1]      0.029   0.037   -0.043    0.004    0.029    0.053    0.105 1.001  4000
Sigma.resid[5,1]     -0.110   0.036   -0.183   -0.134   -0.110   -0.086   -0.041 1.002  2400
Sigma.resid[1,2]     -0.274   0.025   -0.324   -0.291   -0.274   -0.257   -0.225 1.001  2700
Sigma.resid[2,2]      0.686   0.030    0.628    0.665    0.685    0.706    0.748 1.002  1800
Sigma.resid[3,2]     -0.074   0.017   -0.108   -0.085   -0.074   -0.063   -0.042 1.001  4000
Sigma.resid[4,2]     -0.078   0.032   -0.141   -0.099   -0.078   -0.056   -0.014 1.002  2500
Sigma.resid[5,2]      0.113   0.031    0.053    0.092    0.113    0.133    0.173 1.001  4000
Sigma.resid[1,3]     -0.003   0.019   -0.039   -0.016   -0.003    0.010    0.034 1.001  4000
Sigma.resid[2,3]     -0.074   0.017   -0.108   -0.085   -0.074   -0.063   -0.042 1.001  4000
Sigma.resid[3,3]      0.467   0.020    0.430    0.453    0.467    0.480    0.510 1.002  1900
Sigma.resid[4,3]      0.060   0.027    0.007    0.042    0.060    0.078    0.114 1.002  1700
Sigma.resid[5,3]      0.039   0.026   -0.011    0.021    0.039    0.057    0.093 1.002  2100
Sigma.resid[1,4]      0.029   0.037   -0.043    0.004    0.029    0.053    0.105 1.001  4000
Sigma.resid[2,4]     -0.078   0.032   -0.141   -0.099   -0.078   -0.056   -0.014 1.002  2500
Sigma.resid[3,4]      0.060   0.027    0.007    0.042    0.060    0.078    0.114 1.002  1700
Sigma.resid[4,4]      0.811   0.052    0.711    0.776    0.810    0.845    0.918 1.002  2500
Sigma.resid[5,4]      0.331   0.035    0.265    0.307    0.330    0.354    0.400 1.001  4000
Sigma.resid[1,5]     -0.110   0.036   -0.183   -0.134   -0.110   -0.086   -0.041 1.002  2400
Sigma.resid[2,5]      0.113   0.031    0.053    0.092    0.113    0.133    0.173 1.001  4000
Sigma.resid[3,5]      0.039   0.026   -0.011    0.021    0.039    0.057    0.093 1.002  2100
Sigma.resid[4,5]      0.331   0.035    0.265    0.307    0.330    0.354    0.400 1.001  4000
Sigma.resid[5,5]      0.802   0.050    0.710    0.766    0.800    0.835    0.905 1.001  4000
Sigma.species[1,1]    0.112   0.056    0.042    0.074    0.100    0.136    0.253 1.001  4000
Sigma.species[2,1]   -0.008   0.021   -0.050   -0.021   -0.008    0.005    0.032 1.001  3900
Sigma.species[3,1]   -0.027   0.028   -0.083   -0.043   -0.026   -0.010    0.028 1.001  3800
Sigma.species[4,1]    0.001   0.011   -0.020   -0.005    0.001    0.007    0.023 1.001  4000
Sigma.species[5,1]   -0.009   0.015   -0.042   -0.018   -0.008    0.000    0.020 1.001  2800
Sigma.species[1,2]   -0.008   0.021   -0.050   -0.021   -0.008    0.005    0.032 1.001  3900
Sigma.species[2,2]    0.249   0.106    0.116    0.177    0.226    0.290    0.515 1.001  2700
Sigma.species[3,2]   -0.041   0.042   -0.124   -0.068   -0.041   -0.016    0.045 1.002  2300
Sigma.species[4,2]   -0.007   0.016   -0.040   -0.016   -0.006    0.003    0.022 1.001  4000
Sigma.species[5,2]    0.010   0.022   -0.032   -0.003    0.010    0.024    0.055 1.001  4000
Sigma.species[1,3]   -0.027   0.028   -0.083   -0.043   -0.026   -0.010    0.028 1.001  3800
Sigma.species[2,3]   -0.041   0.042   -0.124   -0.068   -0.041   -0.016    0.045 1.002  2300
Sigma.species[3,3]    0.501   0.204    0.244    0.359    0.453    0.588    1.013 1.001  3300
Sigma.species[4,3]   -0.005   0.022   -0.051   -0.018   -0.005    0.007    0.040 1.001  4000
Sigma.species[5,3]   -0.001   0.032   -0.066   -0.020   -0.001    0.017    0.063 1.001  3400
Sigma.species[1,4]    0.001   0.011   -0.020   -0.005    0.001    0.007    0.023 1.001  4000
Sigma.species[2,4]   -0.007   0.016   -0.040   -0.016   -0.006    0.003    0.022 1.001  4000
Sigma.species[3,4]   -0.005   0.022   -0.051   -0.018   -0.005    0.007    0.040 1.001  4000
Sigma.species[4,4]    0.064   0.041    0.014    0.037    0.055    0.081    0.170 1.002  1700
Sigma.species[5,4]    0.002   0.012   -0.022   -0.004    0.001    0.009    0.027 1.001  4000
Sigma.species[1,5]   -0.009   0.015   -0.042   -0.018   -0.008    0.000    0.020 1.001  2800
Sigma.species[2,5]    0.010   0.022   -0.032   -0.003    0.010    0.024    0.055 1.001  4000
Sigma.species[3,5]   -0.001   0.032   -0.066   -0.020   -0.001    0.017    0.063 1.001  3400
Sigma.species[4,5]    0.002   0.012   -0.022   -0.004    0.001    0.009    0.027 1.001  4000
Sigma.species[5,5]    0.131   0.068    0.046    0.086    0.117    0.160    0.304 1.001  4000
beta.pca1[1]         -0.028   0.082   -0.188   -0.081   -0.028    0.025    0.135 1.001  4000
beta.pca1[2]          0.094   0.120   -0.142    0.017    0.093    0.170    0.336 1.002  1700
beta.pca1[3]          0.042   0.159   -0.263   -0.061    0.039    0.142    0.369 1.002  1500
beta.pca1[4]          0.230   0.071    0.086    0.186    0.232    0.275    0.370 1.001  4000
beta.pca1[5]          0.246   0.092    0.064    0.186    0.248    0.307    0.427 1.001  4000
beta.pca2[1]          0.159   0.080    0.002    0.107    0.158    0.210    0.322 1.002  2300
beta.pca2[2]         -0.069   0.113   -0.292   -0.141   -0.071    0.001    0.158 1.001  4000
beta.pca2[3]          0.094   0.162   -0.230   -0.011    0.097    0.198    0.413 1.004  1200
beta.pca2[4]         -0.189   0.068   -0.323   -0.232   -0.190   -0.145   -0.054 1.003  1400
beta.pca2[5]         -0.028   0.089   -0.209   -0.085   -0.028    0.031    0.145 1.002  2200
beta.pca3[1]         -0.094   0.090   -0.266   -0.150   -0.094   -0.039    0.090 1.002  1800
beta.pca3[2]          0.269   0.123    0.026    0.189    0.268    0.346    0.518 1.002  1700
beta.pca3[3]         -0.284   0.172   -0.626   -0.398   -0.281   -0.171    0.048 1.002  2000
beta.pca3[4]          0.145   0.077   -0.006    0.096    0.145    0.192    0.297 1.001  4000
beta.pca3[5]          0.112   0.100   -0.085    0.047    0.112    0.178    0.307 1.002  2300
rho.resid[1,1]        1.000   0.000    1.000    1.000    1.000    1.000    1.000 1.000     1
rho.resid[2,1]       -0.348   0.026   -0.398   -0.366   -0.350   -0.331   -0.295 1.001  4000
rho.resid[3,1]       -0.005   0.030   -0.061   -0.025   -0.005    0.016    0.053 1.001  4000
rho.resid[4,1]        0.034   0.043   -0.050    0.005    0.034    0.062    0.120 1.001  4000
rho.resid[5,1]       -0.130   0.041   -0.210   -0.157   -0.130   -0.102   -0.049 1.001  2700
rho.resid[1,2]       -0.348   0.026   -0.398   -0.366   -0.350   -0.331   -0.295 1.001  4000
rho.resid[2,2]        1.000   0.000    1.000    1.000    1.000    1.000    1.000 1.000     1
rho.resid[3,2]       -0.131   0.029   -0.189   -0.150   -0.131   -0.111   -0.074 1.001  4000
rho.resid[4,2]       -0.104   0.042   -0.185   -0.133   -0.105   -0.076   -0.019 1.001  2700
rho.resid[5,2]        0.152   0.040    0.072    0.125    0.153    0.179    0.226 1.001  4000
rho.resid[1,3]       -0.005   0.030   -0.061   -0.025   -0.005    0.016    0.053 1.001  4000
rho.resid[2,3]       -0.131   0.029   -0.189   -0.150   -0.131   -0.111   -0.074 1.001  4000
rho.resid[3,3]        1.000   0.000    1.000    1.000    1.000    1.000    1.000 1.000     1
rho.resid[4,3]        0.098   0.043    0.012    0.068    0.098    0.127    0.180 1.002  1900
rho.resid[5,3]        0.064   0.042   -0.018    0.034    0.063    0.092    0.149 1.002  2100
rho.resid[1,4]        0.034   0.043   -0.050    0.005    0.034    0.062    0.120 1.001  4000
rho.resid[2,4]       -0.104   0.042   -0.185   -0.133   -0.105   -0.076   -0.019 1.001  2700
rho.resid[3,4]        0.098   0.043    0.012    0.068    0.098    0.127    0.180 1.002  1900
rho.resid[4,4]        1.000   0.000    1.000    1.000    1.000    1.000    1.000 1.000     1
rho.resid[5,4]        0.410   0.033    0.343    0.387    0.411    0.433    0.473 1.001  4000
rho.resid[1,5]       -0.130   0.041   -0.210   -0.157   -0.130   -0.102   -0.049 1.001  2700
rho.resid[2,5]        0.152   0.040    0.072    0.125    0.153    0.179    0.226 1.001  4000
rho.resid[3,5]        0.064   0.042   -0.018    0.034    0.063    0.092    0.149 1.002  2100
rho.resid[4,5]        0.410   0.033    0.343    0.387    0.411    0.433    0.473 1.001  4000
rho.resid[5,5]        1.000   0.000    1.000    1.000    1.000    1.000    1.000 1.000     1
rho.species[1,1]      1.000   0.000    1.000    1.000    1.000    1.000    1.000 1.000     1
rho.species[2,1]     -0.051   0.121   -0.278   -0.137   -0.054    0.033    0.191 1.002  2600
rho.species[3,1]     -0.123   0.114   -0.334   -0.207   -0.127   -0.049    0.109 1.001  4000
rho.species[4,1]      0.020   0.123   -0.222   -0.065    0.022    0.107    0.253 1.001  4000
rho.species[5,1]     -0.080   0.120   -0.306   -0.164   -0.082    0.002    0.162 1.002  2400
rho.species[1,2]     -0.051   0.121   -0.278   -0.137   -0.054    0.033    0.191 1.002  2600
rho.species[2,2]      1.000   0.000    1.000    1.000    1.000    1.000    1.000 1.000     1
rho.species[3,2]     -0.127   0.117   -0.341   -0.212   -0.132   -0.048    0.117 1.001  3100
rho.species[4,2]     -0.059   0.122   -0.292   -0.143   -0.059    0.025    0.183 1.002  2600
rho.species[5,2]      0.063   0.120   -0.174   -0.018    0.065    0.150    0.290 1.001  4000
rho.species[1,3]     -0.123   0.114   -0.334   -0.207   -0.127   -0.049    0.109 1.001  4000
rho.species[2,3]     -0.127   0.117   -0.341   -0.212   -0.132   -0.048    0.117 1.001  3100
rho.species[3,3]      1.000   0.000    1.000    1.000    1.000    1.000    1.000 1.000     1
rho.species[4,3]     -0.031   0.121   -0.264   -0.116   -0.031    0.050    0.214 1.001  4000
rho.species[5,3]     -0.006   0.121   -0.243   -0.089   -0.003    0.078    0.225 1.001  4000
rho.species[1,4]      0.020   0.123   -0.222   -0.065    0.022    0.107    0.253 1.001  4000
rho.species[2,4]     -0.059   0.122   -0.292   -0.143   -0.059    0.025    0.183 1.002  2600
rho.species[3,4]     -0.031   0.121   -0.264   -0.116   -0.031    0.050    0.214 1.001  4000
rho.species[4,4]      1.000   0.000    1.000    1.000    1.000    1.000    1.000 1.000     1
rho.species[5,4]      0.021   0.126   -0.225   -0.063    0.021    0.109    0.261 1.001  3200
rho.species[1,5]     -0.080   0.120   -0.306   -0.164   -0.082    0.002    0.162 1.002  2400
rho.species[2,5]      0.063   0.120   -0.174   -0.018    0.065    0.150    0.290 1.001  4000
rho.species[3,5]     -0.006   0.121   -0.243   -0.089   -0.003    0.078    0.225 1.001  4000
rho.species[4,5]      0.021   0.126   -0.225   -0.063    0.021    0.109    0.261 1.001  3200
rho.species[5,5]      1.000   0.000    1.000    1.000    1.000    1.000    1.000 1.000     1
yr[1]                -0.290   0.057   -0.400   -0.329   -0.290   -0.252   -0.176 1.002  2500
yr[2]                 0.410   0.050    0.309    0.376    0.411    0.443    0.507 1.001  4000
yr[3]                 0.264   0.043    0.177    0.235    0.265    0.293    0.343 1.001  4000
yr[4]                 0.000   0.000    0.000    0.000    0.000    0.000    0.000 1.000     1
yr[5]                 0.000   0.000    0.000    0.000    0.000    0.000    0.000 1.000     1
deviance           2419.485  15.716 2390.933 2408.264 2418.879 2429.893 2451.655 1.001  4000

For each parameter, n.eff is a crude measure of effective sample size,
and Rhat is the potential scale reduction factor (at convergence, Rhat=1).

DIC info (using the rule, pD = var(deviance)/2)
pD = 123.6 and DIC = 2543.1
DIC is an estimate of expected predictive error (lower deviance is better).
